0 6.94556e-12 0.000609449 0 6511.53
0.1 59.8801 0.00243125 0.00797266 6511.53
0.2 73.7197 0.00789663 0.0159453 6511.52
0.3 78.8613 0.0170056 0.0239179 6511.52
0.4 81.4707 0.0297581 0.0318905 6511.5
0.5 83.0245 0.0461541 0.039863 6511.49
0.6 84.0415 0.0661936 0.0478354 6511.47
0.7 84.7488 0.0898764 0.0558078 6511.44
0.8 85.2617 0.117203 0.06378 6511.42
0.9 85.6444 0.148172 0.0717521 6511.38
1 85.9359 0.182785 0.079724 6511.35
1.1 86.1608 0.22104 0.0876958 6511.31
1.2 86.3359 0.262939 0.0956675 6511.27
1.3 86.4725 0.30848 0.103639 6511.22
1.4 86.5788 0.357664 0.11161 6511.17
1.5 86.661 0.410491 0.119581 6511.12
1.6 86.7235 0.466959 0.127552 6511.07
1.7 86.7698 0.52707 0.135522 6511.01
1.8 86.8026 0.590824 0.143493 6510.94
1.9 86.8241 0.658218 0.151463 6510.87
2 86.8359 0.729255 0.159432 6510.8
2.1 86.8393 0.803932 0.167402 6510.73
2.2 86.8356 0.882251 0.175371 6510.65
2.3 86.8257 0.964211 0.183339 6510.57
2.4 86.8104 1.04981 0.191308 6510.48
2.5 86.7902 1.13905 0.199275 6510.39
2.6 86.7659 1.23193 0.207243 6510.3
2.7 86.7377 1.32845 0.21521 6510.2
2.8 86.7062 1.42861 0.223177 6510.1
2.9 86.6716 1.53241 0.231143 6510
3 86.6344 1.63985 0.239109 6509.89
3.1 86.5947 1.75093 0.247074 6509.78
3.2 86.5528 1.86564 0.255039 6509.67
3.3 86.5088 1.984 0.263003 6509.55
3.4 86.463 2.10599 0.270967 6509.43
3.5 86.4156 2.23162 0.27893 6509.3
3.6 86.3666 2.36088 0.286893 6509.17
3.7 86.3161 2.49378 0.294855 6509.04
3.8 86.2644 2.63032 0.302816 6508.9
3.9 86.2115 2.77049 0.310777 6508.76
4 86.1574 2.9143 0.318738 6508.62
4.1 86.1024 3.06174 0.326697 6508.47
4.2 86.0463 3.21282 0.334656 6508.32
4.3 85.9894 3.36753 0.342615 6508.17
4.4 85.9317 3.52587 0.350572 6508.01
4.5 85.8732 3.68785 0.358529 6507.84
4.6 85.8139 3.85346 0.366486 6507.68
4.7 85.754 4.0227 0.374441 6507.51
4.8 85.6935 4.19557 0.382396 6507.34
4.9 85.6324 4.37208 0.39035 6507.16
5 85.5707 4.55221 0.398303 6506.98
5.1 85.5085 4.73597 0.406256 6506.8
5.2 85.4457 4.92336 0.414207 6506.61
5.3 85.3826 5.11439 0.422158 6506.42
5.4 85.319 5.30903 0.430108 6506.22
5.5 85.255 5.50731 0.438057 6506.03
5.6 85.1905 5.70921 0.446006 6505.82
5.7 85.1258 5.91474 0.453953 6505.62
5.8 85.0606 6.1239 0.461899 6505.41
5.9 84.9952 6.33668 0.469845 6505.2
6 84.9294 6.55308 0.47779 6504.98
6.1 84.8633 6.77311 0.485733 6504.76
6.2 84.797 6.99676 0.493676 6504.54
6.3 84.7304 7.22403 0.501618 6504.31
6.4 84.6635 7.45493 0.509559 6504.08
6.5 84.5963 7.68944 0.517498 6503.84
6.6 84.529 7.92758 0.525437 6503.6
6.7 84.4614 8.16933 0.533375 6503.36
6.8 84.3936 8.41471 0.541311 6503.12
6.9 84.3256 8.6637 0.549247 6502.87
7 84.2575 8.91631 0.557181 6502.62
7.1 84.1891 9.17253 0.565114 6502.36
7.2 84.1206 9.43237 0.573046 6502.1
7.3 84.0518 9.69583 0.580977 6501.84
7.4 83.983 9.9629 0.588907 6501.57
7.5 83.914 10.2336 0.596836 6501.3
7.6 83.8448 10.5079 0.604764 6501.02
7.7 83.7755 10.7858 0.61269 6500.75
7.79999 83.7061 11.0673 0.620615 6500.47
7.89999 83.6365 11.3524 0.628539 6500.18
7.99999 83.5668 11.6412 0.636461 6499.89
8.09999 83.497 11.9335 0.644383 6499.6
8.2 83.4271 12.2295 0.652303 6499.3
8.3 83.357 12.529 0.660222 6499
8.4 83.2869 12.8322 0.668139 6498.7
8.5 83.2167 13.139 0.676055 6498.39
8.6 83.1463 13.4493 0.68397 6498.08
8.7 83.0759 13.7633 0.691883 6497.77
8.8 83.0054 14.0809 0.699795 6497.45
8.9 82.9348 14.4021 0.707706 6497.13
9 82.8641 14.7268 0.715615 6496.81
9.1 82.7934 15.0552 0.723523 6496.48
9.2 82.7226 15.3872 0.731429 6496.15
9.3 82.6517 15.7228 0.739334 6495.81
9.4 82.5807 16.0619 0.747238 6495.47
9.5 82.5097 16.4047 0.75514 6495.13
9.6 82.4386 16.7511 0.76304 6494.78
9.7 82.3674 17.101 0.770939 6494.43
9.8 82.2962 17.4545 0.778836 6494.08
9.9 82.2249 17.8117 0.786732 6493.72
10 82.1536 18.1724 0.794626 6493.36
10.1 82.0822 18.5367 0.802519 6493
10.2 82.0108 18.9046 0.81041 6492.63
10.3 81.9393 19.2761 0.8183 6492.26
10.4 81.8678 19.6511 0.826187 6491.88
10.5 81.7962 20.0298 0.834074 6491.5
10.6 81.7246 20.412 0.841958 6491.12
10.7 81.6529 20.7978 0.849841 6490.73
10.8 81.5812 21.1872 0.857722 6490.35
10.9 81.5095 21.5802 0.865601 6489.95
11 81.4377 21.9768 0.873479 6489.56
11.1 81.3659 22.3769 0.881355 6489.16
11.2 81.2941 22.7806 0.889229 6488.75
11.3 81.2222 23.1879 0.897101 6488.34
11.4 81.1503 23.5987 0.904972 6487.93
11.5 81.0784 24.0131 0.912841 6487.52
11.6 81.0065 24.4311 0.920708 6487.1
11.7 80.9345 24.8527 0.928573 6486.68
11.8 80.8625 25.2778 0.936436 6486.25
11.9 80.7905 25.7065 0.944297 6485.83
12 80.7184 26.1388 0.952157 6485.39
12.1 80.6464 26.5746 0.960014 6484.96
12.2 80.5743 27.014 0.96787 6484.52
12.3 80.5022 27.4569 0.975724 6484.08
12.4 80.4301 27.9035 0.983576 6483.63
12.5 80.3579 28.3535 0.991425 6483.18
12.6 80.2858 28.8071 0.999273 6482.73
12.7 80.2136 29.2643 1.00712 6482.27
12.8 80.1414 29.7251 1.01496 6481.81
12.9 80.0692 30.1894 1.0228 6481.34
13 79.997 30.6572 1.03064 6480.88
13.1 79.9247 31.1286 1.03848 6480.4
13.2 79.8525 31.6035 1.04632 6479.93
13.3 79.7803 32.082 1.05415 6479.45
13.4 79.708 32.564 1.06198 6478.97
13.5 79.6357 33.0496 1.06981 6478.48
13.6 79.5635 33.5387 1.07764 6477.99
13.7 79.4912 34.0314 1.08546 6477.5
13.8 79.4189 34.5276 1.09329 6477
13.9 79.3466 35.0273 1.10111 6476.51
14 79.2743 35.5306 1.10892 6476
14.1 79.202 36.0374 1.11674 6475.5
14.2 79.1297 36.5478 1.12455 6474.98
14.3 79.0574 37.0617 1.13237 6474.47
14.4 78.9851 37.5791 1.14018 6473.95
14.5 78.9127 38.1 1.14798 6473.43
14.6 78.8404 38.6245 1.15579 6472.91
14.7 78.7681 39.1525 1.16359 6472.38
14.8 78.6958 39.684 1.17139 6471.85
14.9 78.6235 40.219 1.17919 6471.31
15 78.5512 40.7576 1.18698 6470.77
15.1 78.4788 41.2997 1.19478 6470.23
15.2 78.4065 41.8453 1.20257 6469.69
15.3 78.3342 42.3944 1.21035 6469.14
15.4 78.2619 42.947 1.21814 6468.59
15.5 78.1896 43.5031 1.22592 6468.03
15.6 78.1173 44.0628 1.2337 6467.47
15.7 78.045 44.626 1.24148 6466.91
15.8 77.9727 45.1926 1.24926 6466.34
15.9 77.9004 45.7628 1.25703 6465.77
16 77.8281 46.3365 1.2648 6465.2
16.1 77.7558 46.9137 1.27257 6464.62
16.2 77.6836 47.4943 1.28034 6464.04
16.3 77.6113 48.0785 1.2881 6463.45
16.4 77.539 48.6662 1.29586 6462.87
16.5 77.4668 49.2574 1.30362 6462.28
16.6 77.3945 49.852 1.31137 6461.68
16.7 77.3223 50.4502 1.31913 6461.08
16.8 77.2501 51.0519 1.32688 6460.48
16.9 77.1779 51.657 1.33462 6459.88
17 77.1057 52.2656 1.34237 6459.27
17.1 77.0335 52.8777 1.35011 6458.65
17.2 76.9613 53.4933 1.35785 6458.04
17.3 76.8891 54.1124 1.36558 6457.42
17.4 76.8169 54.7349 1.37332 6456.8
17.5 76.7448 55.361 1.38105 6456.17
17.6 76.6726 55.9905 1.38878 6455.54
17.7 76.6005 56.6234 1.3965 6454.91
17.8 76.5284 57.2599 1.40422 6454.27
17.9 76.4563 57.8998 1.41194 6453.63
18 76.3842 58.5432 1.41966 6452.99
18.1 76.3121 59.19 1.42738 6452.34
18.2 76.24 59.8403 1.43509 6451.69
18.3 76.1679 60.4941 1.44279 6451.04
18.4 76.0959 61.1513 1.4505 6450.38
18.5 76.0239 61.812 1.4582 6449.72
18.6 75.9519 62.4762 1.4659 6449.06
18.7 75.8799 63.1438 1.4736 6448.39
18.8 75.8079 63.8148 1.48129 6447.72
18.9 75.7359 64.4893 1.48898 6447.04
19 75.664 65.1673 1.49667 6446.37
19.1 75.592 65.8487 1.50435 6445.68
19.2 75.5201 66.5335 1.51203 6445
19.3 75.4482 67.2218 1.51971 6444.31
19.4 75.3763 67.9135 1.52739 6443.62
19.5 75.3044 68.6086 1.53506 6442.92
19.6 75.2326 69.3072 1.54273 6442.23
19.7 75.1607 70.0092 1.55039 6441.52
19.8 75.0889 70.7147 1.55806 6440.82
19.9 75.0171 71.4236 1.56572 6440.11
20 74.9453 72.1359 1.57337 6439.4
20.1 74.8736 72.8516 1.58102 6438.68
20.2 74.8018 73.5707 1.58867 6437.96
20.3 74.7301 74.2933 1.59632 6437.24
20.4 74.6584 75.0193 1.60396 6436.51
20.5 74.5867 75.7487 1.6116 6435.78
20.6 74.515 76.4815 1.61924 6435.05
20.7 74.4434 77.2177 1.62688 6434.31
20.8 74.3717 77.9574 1.63451 6433.58
20.9 74.3001 78.7004 1.64213 6432.83
21 74.2285 79.4468 1.64976 6432.09
21.1 74.157 80.1967 1.65738 6431.34
21.2 74.0854 80.9499 1.66499 6430.58
21.3 74.0139 81.7066 1.67261 6429.83
21.4 73.9424 82.4666 1.68022 6429.07
21.5 73.8709 83.23 1.68782 6428.3
21.6 73.7994 83.9968 1.69543 6427.54
21.7 73.728 84.767 1.70303 6426.77
21.8 73.6566 85.5406 1.71062 6425.99
21.9 73.5852 86.3176 1.71822 6425.21
22 73.5138 87.098 1.7258 6424.43
22.1 73.4424 87.8817 1.73339 6423.65
22.2 73.3711 88.6688 1.74097 6422.86
22.3 73.2998 89.4593 1.74855 6422.07
22.4 73.2285 90.2531 1.75613 6421.28
22.5 73.1573 91.0503 1.7637 6420.48
22.6 73.086 91.8509 1.77127 6419.68
22.7001 73.0148 92.6549 1.77883 6418.88
22.8001 72.9436 93.4622 1.78639 6418.07
22.9001 72.8724 94.2729 1.79395 6417.26
23.0001 72.8013 95.0869 1.8015 6416.45
23.1001 72.7302 95.9043 1.80905 6415.63
23.2001 72.6591 96.725 1.8166 6414.81
23.3001 72.588 97.5491 1.82414 6413.98
23.4001 72.517 98.3765 1.83168 6413.16
23.5001 72.4459 99.2073 1.83921 6412.33
23.6001 72.3749 100.041 1.84674 6411.49
23.7001 72.304 100.879 1.85427 6410.65
23.8001 72.233 101.72 1.86179 6409.81
23.9001 72.1621 102.564 1.86931 6408.97
24.0001 72.0912 103.411 1.87683 6408.12
24.1001 72.0203 104.262 1.88434 6407.27
24.2001 71.9495 105.116 1.89185 6406.42
24.3001 71.8787 105.974 1.89935 6405.56
24.4001 71.8079 106.834 1.90685 6404.7
24.5001 71.7371 107.698 1.91435 6403.83
24.6001 71.6664 108.566 1.92184 6402.97
24.7001 71.5957 109.436 1.92933 6402.1
24.8001 71.525 110.31 1.93682 6401.22
24.9001 71.4543 111.188 1.9443 6400.34
25.0001 71.3837 112.068 1.95177 6399.46
25.1001 71.3131 112.952 1.95925 6398.58
25.2001 71.2425 113.84 1.96671 6397.69
25.3001 71.172 114.73 1.97418 6396.8
25.4001 71.1015 115.624 1.98164 6395.91
25.5001 71.031 116.521 1.9891 6395.01
25.6001 70.9605 117.421 1.99655 6394.11
25.7001 70.8901 118.325 2.004 6393.21
25.8001 70.8197 119.232 2.01144 6392.3
25.9001 70.7493 120.142 2.01888 6391.39
26.0001 70.679 121.056 2.02632 6390.48
26.1001 70.6086 121.973 2.03375 6389.56
26.2001 70.5383 122.893 2.04118 6388.64
26.3001 70.4681 123.816 2.0486 6387.72
26.4001 70.3978 124.743 2.05602 6386.79
26.5001 70.3276 125.673 2.06343 6385.86
26.6001 70.2575 126.606 2.07084 6384.93
26.7001 70.1873 127.542 2.07825 6383.99
26.8001 70.1172 128.482 2.08565 6383.05
26.9001 70.0471 129.425 2.09305 6382.11
27.0001 69.9771 130.371 2.10044 6381.16
27.1001 69.907 131.32 2.10783 6380.21
27.2001 69.837 132.273 2.11521 6379.26
27.3001 69.7671 133.229 2.1226 6378.3
27.4001 69.6971 134.188 2.12997 6377.34
27.5001 69.6272 135.15 2.13734 6376.38
27.6001 69.5573 136.116 2.14471 6375.42
27.7001 69.4875 137.084 2.15207 6374.45
27.8001 69.4177 138.056 2.15943 6373.48
27.9001 69.3479 139.032 2.16678 6372.5
28.0001 69.2781 140.01 2.17413 6371.52
28.1001 69.2084 140.992 2.18148 6370.54
28.2001 69.1387 141.977 2.18882 6369.56
28.3001 69.0691 142.965 2.19615 6368.57
28.4001 68.9994 143.956 2.20348 6367.58
28.5001 68.9298 144.951 2.21081 6366.58
28.6001 68.8603 145.949 2.21813 6365.58
28.7001 68.7907 146.949 2.22545 6364.58
28.8001 68.7212 147.954 2.23276 6363.58
28.9001 68.6518 148.961 2.24007 6362.57
29.0001 68.5823 149.971 2.24737 6361.56
29.1001 68.5129 150.985 2.25467 6360.55
29.2001 68.4436 152.002 2.26197 6359.53
29.3001 68.3742 153.022 2.26925 6358.51
29.4001 68.3049 154.045 2.27654 6357.49
29.5001 68.2356 155.072 2.28382 6356.46
29.6001 68.1664 156.101 2.29109 6355.43
29.7001 68.0972 157.134 2.29836 6354.4
29.8001 68.028 158.17 2.30563 6353.36
29.9001 67.9589 159.209 2.31289 6352.32
30.0001 67.8897 160.251 2.32015 6351.28
30.1001 67.8207 161.297 2.3274 6350.24
30.2001 67.7516 162.345 2.33464 6349.19
30.3001 67.6826 163.397 2.34188 6348.14
30.4001 67.6136 164.452 2.34912 6347.08
30.5001 67.5447 165.51 2.35635 6346.02
30.6001 67.4758 166.571 2.36358 6344.96
30.7001 67.4069 167.635 2.3708 6343.9
30.8001 67.3381 168.703 2.37802 6342.83
30.9001 67.2692 169.773 2.38523 6341.76
31.0001 67.2005 170.847 2.39244 6340.69
31.1001 67.1317 171.924 2.39964 6339.61
31.2001 67.063 173.003 2.40683 6338.53
31.3001 66.9943 174.086 2.41402 6337.45
31.4001 66.9257 175.173 2.42121 6336.36
31.5001 66.8571 176.262 2.42839 6335.27
31.6001 66.7885 177.354 2.43557 6334.18
31.7001 66.72 178.45 2.44274 6333.08
31.8001 66.6515 179.548 2.44991 6331.98
31.9001 66.583 180.65 2.45707 6330.88
32.0001 66.5146 181.755 2.46422 6329.78
32.1001 66.4462 182.862 2.47137 6328.67
32.2001 66.3778 183.973 2.47852 6327.56
32.3001 66.3095 185.087 2.48566 6326.45
32.4001 66.2412 186.204 2.49279 6325.33
32.5001 66.173 187.324 2.49992 6324.21
32.6001 66.1048 188.448 2.50705 6323.08
32.7001 66.0366 189.574 2.51417 6321.96
32.8001 65.9684 190.703 2.52128 6320.83
32.9001 65.9003 191.836 2.52839 6319.7
33.0001 65.8322 192.971 2.53549 6318.56
33.1001 65.7642 194.11 2.54259 6317.42
33.2001 65.6962 195.251 2.54968 6316.28
33.3001 65.6282 196.396 2.55677 6315.14
33.4001 65.5603 197.543 2.56385 6313.99
33.5001 65.4924 198.694 2.57093 6312.84
33.6001 65.4245 199.848 2.578 6311.68
33.7001 65.3567 201.005 2.58507 6310.53
33.8001 65.2889 202.164 2.59213 6309.37
33.9001 65.2211 203.327 2.59918 6308.21
34.0001 65.1534 204.493 2.60623 6307.04
34.1001 65.0857 205.662 2.61327 6305.87
34.2001 65.0181 206.834 2.62031 6304.7
34.3 64.9505 208.009 2.62734 6303.52
34.4 64.8829 209.187 2.63437 6302.35
34.5 64.8154 210.368 2.64139 6301.16
34.6 64.7479 211.552 2.64841 6299.98
34.7 64.6804 212.738 2.65542 6298.79
34.8 64.613 213.928 2.66242 6297.6
34.9 64.5456 215.121 2.66942 6296.41
35 64.4783 216.317 2.67641 6295.22
35.1 64.411 217.516 2.6834 6294.02
35.2 64.3437 218.718 2.69038 6292.81
35.3 64.2764 219.923 2.69736 6291.61
35.4 64.2092 221.131 2.70433 6290.4
35.5 64.1421 222.341 2.71129 6289.19
35.6 64.075 223.555 2.71825 6287.98
35.7 64.0079 224.772 2.72521 6286.76
35.8 63.9408 225.992 2.73215 6285.54
35.9 63.8738 227.214 2.73909 6284.32
36 63.8068 228.44 2.74603 6283.09
36.1 63.7399 229.668 2.75296 6281.86
36.2 63.673 230.9 2.75988 6280.63
36.3 63.6061 232.134 2.7668 6279.4
36.4 63.5393 233.372 2.77371 6278.16
36.5 63.4725 234.612 2.78062 6276.92
36.6 63.4058 235.855 2.78752 6275.68
36.7 63.3391 237.101 2.79441 6274.43
36.8 63.2724 238.35 2.8013 6273.18
36.9 63.2058 239.602 2.80819 6271.93
37 63.1392 240.857 2.81506 6270.68
37.1 63.0726 242.115 2.82193 6269.42
37.2 63.0061 243.376 2.8288 6268.16
37.3 62.9396 244.639 2.83565 6266.89
37.4 62.8732 245.906 2.84251 6265.63
37.5 62.8068 247.175 2.84935 6264.36
37.6 62.7404 248.447 2.85619 6263.09
37.7 62.6741 249.723 2.86303 6261.81
37.8 62.6078 251.001 2.86985 6260.53
37.9 62.5415 252.282 2.87668 6259.25
38 62.4753 253.565 2.88349 6257.97
38.1 62.4091 254.852 2.8903 6256.68
38.2 62.343 256.142 2.8971 6255.39
38.3 62.2769 257.434 2.9039 6254.1
38.4 62.2109 258.729 2.91069 6252.8
38.5 62.1449 260.028 2.91747 6251.51
38.6 62.0789 261.328 2.92425 6250.2
38.7 62.0129 262.632 2.93102 6248.9
38.8 61.947 263.939 2.93779 6247.59
38.9 61.8812 265.249 2.94455 6246.28
39 61.8154 266.561 2.9513 6244.97
39.1 61.7496 267.876 2.95805 6243.66
39.2 61.6838 269.194 2.96479 6242.34
39.3 61.6181 270.515 2.97152 6241.02
39.4 61.5525 271.839 2.97825 6239.69
39.5 61.4869 273.165 2.98497 6238.37
39.6 61.4213 274.494 2.99168 6237.04
39.7 61.3557 275.826 2.99839 6235.71
39.8 61.2902 277.161 3.00509 6234.37
39.9 61.2248 278.499 3.01179 6233.03
40 61.1593 279.839 3.01848 6231.69
40.1 61.094 281.183 3.02516 6230.35
40.2 61.0286 282.529 3.03183 6229
40.3 60.9633 283.878 3.0385 6227.65
40.4 60.898 285.229 3.04516 6226.3
40.5 60.8328 286.584 3.05182 6224.95
40.6 60.7676 287.941 3.05847 6223.59
40.7 60.7025 289.301 3.06511 6222.23
40.7999 60.6374 290.663 3.07175 6220.87
40.8999 60.5723 292.029 3.07838 6219.5
40.9999 60.5073 293.397 3.085 6218.14
41.0999 60.4423 294.768 3.09161 6216.76
41.1999 60.3774 296.142 3.09822 6215.39
41.2999 60.3125 297.518 3.10482 6214.01
41.3999 60.2476 298.897 3.11142 6212.64
41.4999 60.1828 300.279 3.11801 6211.25
41.5999 60.118 301.664 3.12459 6209.87
41.6999 60.0533 303.051 3.13116 6208.48
41.7999 59.9886 304.441 3.13773 6207.09
41.8999 59.9239 305.834 3.14429 6205.7
41.9999 59.8593 307.23 3.15085 6204.3
42.0999 59.7947 308.628 3.1574 6202.9
42.1999 59.7302 310.029 3.16394 6201.5
42.2999 59.6657 311.432 3.17047 6200.1
42.3999 59.6012 312.839 3.177 6198.69
42.4999 59.5368 314.248 3.18352 6197.28
42.5999 59.4724 315.66 3.19003 6195.87
42.6999 59.4081 317.074 3.19654 6194.46
42.7999 59.3438 318.491 3.20303 6193.04
42.8999 59.2795 319.911 3.20953 6191.62
42.9999 59.2153 321.333 3.21601 6190.2
43.0999 59.1511 322.758 3.22249 6188.77
43.1999 59.087 324.186 3.22896 6187.35
43.2999 59.0229 325.616 3.23542 6185.92
43.3999 58.9589 327.049 3.24188 6184.48
43.4999 58.8948 328.485 3.24833 6183.05
43.5999 58.8309 329.923 3.25477 6181.61
43.6999 58.7669 331.364 3.26121 6180.17
43.7999 58.7031 332.808 3.26763 6178.72
43.8999 58.6392 334.254 3.27405 6177.28
43.9999 58.5754 335.703 3.28047 6175.83
44.0999 58.5117 337.154 3.28687 6174.38
44.1999 58.4479 338.608 3.29327 6172.92
44.2999 58.3842 340.065 3.29967 6171.47
44.3999 58.3206 341.524 3.30605 6170.01
44.4999 58.257 342.986 3.31243 6168.55
44.5999 58.1935 344.451 3.3188 6167.08
44.6999 58.1299 345.918 3.32516 6165.61
44.7999 58.0665 347.388 3.33151 6164.14
44.8999 58.003 348.86 3.33786 6162.67
44.9999 57.9396 350.335 3.3442 6161.2
45.0999 57.8763 351.812 3.35054 6159.72
45.1999 57.813 353.292 3.35686 6158.24
45.2999 57.7497 354.775 3.36318 6156.76
45.3999 57.6865 356.26 3.36949 6155.27
45.4999 57.6233 357.748 3.37579 6153.78
45.5999 57.5602 359.238 3.38209 6152.29
45.6999 57.4971 360.731 3.38838 6150.8
45.7999 57.434 362.226 3.39466 6149.31
45.8999 57.371 363.724 3.40093 6147.81
45.9999 57.308 365.224 3.4072 6146.31
46.0999 57.2451 366.727 3.41346 6144.81
46.1999 57.1822 368.233 3.41971 6143.3
46.2999 57.1193 369.741 3.42595 6141.79
46.3999 57.0565 371.251 3.43219 6140.28
46.4999 56.9937 372.764 3.43841 6138.77
46.5999 56.931 374.28 3.44463 6137.25
46.6999 56.8683 375.798 3.45085 6135.73
46.7999 56.8057 377.319 3.45705 6134.21
46.8999 56.7431 378.842 3.46325 6132.69
46.9999 56.6805 380.367 3.46944 6131.17
47.0999 56.618 381.895 3.47562 6129.64
47.1999 56.5555 383.426 3.48179 6128.11
47.2999 56.4931 384.959 3.48796 6126.57
47.3998 56.4307 386.494 3.49411 6125.04
47.4998 56.3683 388.032 3.50027 6123.5
47.5998 56.306 389.572 3.50641 6121.96
47.6998 56.2438 391.115 3.51254 6120.42
47.7998 56.1815 392.66 3.51867 6118.87
47.8998 56.1194 394.208 3.52479 6117.32
47.9998 56.0572 395.758 3.5309 6115.77
48.0998 55.9951 397.311 3.537 6114.22
48.1998 55.9331 398.866 3.5431 6112.67
48.2998 55.871 400.423 3.54918 6111.11
48.3998 55.8091 401.983 3.55526 6109.55
48.4998 55.7471 403.545 3.56133 6107.99
48.5998 55.6852 405.11 3.5674 6106.42
48.6998 55.6234 406.677 3.57345 6104.86
48.7998 55.5616 408.247 3.5795 6103.29
48.8998 55.4998 409.819 3.58554 6101.71
48.9998 55.4381 411.393 3.59157 6100.14
49.0998 55.3764 412.97 3.59759 6098.56
49.1998 55.3148 414.549 3.60361 6096.98
49.2998 55.2532 416.13 3.60961 6095.4
49.3998 55.1916 417.714 3.61561 6093.82
49.4998 55.1301 419.301 3.6216 6092.23
49.5998 55.0687 420.889 3.62758 6090.64
49.6998 55.0072 422.48 3.63356 6089.05
49.7998 54.9458 424.073 3.63952 6087.46
49.8998 54.8845 425.669 3.64548 6085.86
49.9998 54.8232 427.267 3.65143 6084.27
50.0998 54.7619 428.867 3.65737 6082.67
50.1998 54.7007 430.47 3.6633 6081.06
50.2998 54.6395 432.075 3.66923 6079.46
50.3998 54.5784 433.682 3.67514 6077.85
50.4998 54.5173 435.292 3.68105 6076.24
50.5998 54.4563 436.904 3.68695 6074.63
50.6998 54.3953 438.518 3.69284 6073.01
50.7998 54.3343 440.135 3.69872 6071.4
50.8998 54.2734 441.754 3.7046 6069.78
50.9998 54.2125 443.375 3.71046 6068.16
51.0998 54.1517 444.999 3.71632 6066.53
51.1998 54.0909 446.624 3.72217 6064.91
51.2998 54.0301 448.253 3.72801 6063.28
51.3998 53.9694 449.883 3.73384 6061.65
51.4998 53.9087 451.516 3.73966 6060.02
51.5998 53.8481 453.15 3.74548 6058.38
51.6998 53.7875 454.788 3.75128 6056.74
51.7998 53.727 456.427 3.75708 6055.11
51.8998 53.6665 458.069 3.76287 6053.46
51.9998 53.606 459.713 3.76865 6051.82
52.0998 53.5456 461.359 3.77442 6050.17
52.1998 53.4852 463.007 3.78018 6048.53
52.2998 53.4249 464.658 3.78594 6046.87
52.3998 53.3646 466.311 3.79168 6045.22
52.4998 53.3043 467.966 3.79742 6043.57
52.5998 53.2441 469.623 3.80315 6041.91
52.6998 53.184 471.283 3.80887 6040.25
52.7998 53.1238 472.944 3.81458 6038.59
52.8998 53.0638 474.608 3.82028 6036.92
52.9998 53.0037 476.274 3.82597 6035.26
53.0998 52.9437 477.943 3.83166 6033.59
53.1998 52.8838 479.613 3.83733 6031.92
53.2998 52.8239 481.286 3.843 6030.25
53.3998 52.764 482.961 3.84866 6028.57
53.4998 52.7042 484.638 3.8543 6026.89
53.5998 52.6444 486.317 3.85994 6025.22
53.6998 52.5846 487.998 3.86558 6023.53
53.7998 52.5249 489.682 3.8712 6021.85
53.8997 52.4653 491.368 3.87681 6020.16
53.9997 52.4057 493.055 3.88242 6018.48
54.0997 52.3461 494.745 3.88801 6016.79
54.1997 52.2866 496.437 3.8936 6015.1
54.2997 52.2271 498.132 3.89917 6013.4
54.3997 52.1676 499.828 3.90474 6011.7
54.4997 52.1082 501.527 3.9103 6010.01
54.5997 52.0489 503.227 3.91585 6008.31
54.6997 51.9895 504.93 3.92139 6006.6
54.7997 51.9303 506.635 3.92692 6004.9
54.8997 51.871 508.342 3.93245 6003.19
54.9997 51.8118 510.051 3.93796 6001.48
55.0997 51.7527 511.762 3.94346 5999.77
55.1997 51.6936 513.475 3.94896 5998.06
55.2997 51.6345 515.19 3.95445 5996.34
55.3997 51.5755 516.907 3.95992 5994.63
55.4997 51.5165 518.627 3.96539 5992.91
55.5997 51.4575 520.348 3.97085 5991.18
55.6997 51.3986 522.072 3.9763 5989.46
55.7997 51.3398 523.797 3.98174 5987.74
55.8997 51.281 525.525 3.98717 5986.01
55.9997 51.2222 527.255 3.99259 5984.28
56.0997 51.1634 528.986 3.998 5982.55
56.1997 51.1048 530.72 4.0034 5980.81
56.2997 51.0461 532.456 4.00879 5979.08
56.3997 50.9875 534.194 4.01418 5977.34
56.4997 50.9289 535.933 4.01955 5975.6
56.5997 50.8704 537.675 4.02492 5973.86
56.6997 50.8119 539.419 4.03027 5972.11
56.7997 50.7535 541.165 4.03562 5970.37
56.8997 50.6951 542.913 4.04095 5968.62
56.9997 50.6367 544.663 4.04628 5966.87
57.0997 50.5784 546.414 4.0516 5965.12
57.1997 50.5202 548.168 4.05691 5963.36
57.2997 50.4619 549.924 4.06221 5961.61
57.3997 50.4037 551.682 4.06749 5959.85
57.4997 50.3456 553.441 4.07277 5958.09
57.5997 50.2875 555.203 4.07804 5956.33
57.6997 50.2294 556.966 4.0833 5954.57
57.7997 50.1714 558.732 4.08855 5952.8
57.8997 50.1134 560.499 4.09379 5951.03
57.9997 50.0555 562.269 4.09902 5949.26
58.0997 49.9976 564.04 4.10424 5947.49
58.1997 49.9397 565.813 4.10946 5945.72
58.2997 49.8819 567.589 4.11466 5943.94
58.3997 49.8242 569.366 4.11985 5942.17
58.4997 49.7664 571.145 4.12503 5940.39
58.5997 49.7087 572.926 4.1302 5938.61
58.6997 49.6511 574.708 4.13537 5936.82
58.7997 49.5935 576.493 4.14052 5935.04
58.8997 49.5359 578.28 4.14566 5933.25
58.9997 49.4784 580.068 4.1508 5931.46
59.0997 49.4209 581.859 4.15592 5929.67
59.1997 49.3635 583.651 4.16103 5927.88
59.2997 49.3061 585.445 4.16614 5926.09
59.3997 49.2487 587.241 4.17123 5924.29
59.4997 49.1914 589.039 4.17631 5922.49
59.5997 49.1342 590.838 4.18139 5920.69
59.6997 49.0769 592.64 4.18645 5918.89
59.7997 49.0197 594.443 4.1915 5917.09
59.8997 48.9626 596.248 4.19655 5915.28
59.9997 48.9055 598.055 4.20158 5913.48
60.0997 48.8484 599.864 4.2066 5911.67
60.1997 48.7914 601.675 4.21162 5909.86
60.2997 48.7344 603.487 4.21662 5908.05
60.3997 48.6775 605.301 4.22161 5906.23
60.4996 48.6206 607.117 4.2266 5904.42
60.5996 48.5637 608.935 4.23157 5902.6
60.6996 48.5069 610.755 4.23653 5900.78
60.7996 48.4501 612.576 4.24148 5898.96
60.8996 48.3934 614.4 4.24643 5897.13
60.9996 48.3367 616.224 4.25136 5895.31
61.0996 48.2801 618.051 4.25628 5893.48
61.1996 48.2235 619.88 4.26119 5891.65
61.2996 48.1669 621.71 4.26609 5889.82
61.3996 48.1104 623.542 4.27098 5887.99
61.4996 48.0539 625.376 4.27586 5886.16
61.5996 47.9974 627.211 4.28074 5884.32
61.6996 47.941 629.048 4.2856 5882.48
61.7996 47.8847 630.887 4.29045 5880.65
61.8996 47.8284 632.728 4.29528 5878.8
61.9996 47.7721 634.57 4.30011 5876.96
62.0996 47.7158 636.414 4.30493 5875.12
62.1996 47.6596 638.26 4.30974 5873.27
62.2996 47.6035 640.108 4.31454 5871.42
62.3996 47.5474 641.957 4.31932 5869.58
62.4996 47.4913 643.808 4.3241 5867.72
62.5996 47.4353 645.66 4.32887 5865.87
62.6996 47.3793 647.514 4.33362 5864.02
62.7996 47.3233 649.37 4.33837 5862.16
62.8996 47.2674 651.228 4.3431 5860.3
62.9996 47.2115 653.087 4.34783 5858.45
63.0996 47.1557 654.948 4.35254 5856.58
63.1996 47.0999 656.811 4.35724 5854.72
63.2996 47.0442 658.675 4.36194 5852.86
63.3996 46.9885 660.541 4.36662 5850.99
63.4996 46.9328 662.408 4.37129 5849.12
63.5996 46.8772 664.277 4.37595 5847.26
63.6996 46.8216 666.148 4.3806 5845.38
63.7996 46.7661 668.02 4.38524 5843.51
63.8996 46.7106 669.894 4.38986 5841.64
63.9996 46.6551 671.769 4.39448 5839.76
64.0996 46.5997 673.647 4.39909 5837.89
64.1996 46.5443 675.525 4.40368 5836.01
64.2996 46.489 677.406 4.40827 5834.13
64.3996 46.4337 679.287 4.41284 5832.25
64.4996 46.3784 681.171 4.41741 5830.36
64.5996 46.3232 683.056 4.42196 5828.48
64.6996 46.268 684.942 4.4265 5826.59
64.7996 46.2129 686.831 4.43103 5824.7
64.8996 46.1578 688.72 4.43555 5822.81
64.9996 46.1027 690.612 4.44006 5820.92
65.0996 46.0477 692.504 4.44456 5819.03
65.1996 45.9927 694.399 4.44904 5817.13
65.2996 45.9378 696.294 4.45352 5815.24
65.3996 45.8829 698.192 4.45799 5813.34
65.4996 45.828 700.091 4.46244 5811.44
65.5996 45.7732 701.991 4.46688 5809.54
65.6996 45.7184 703.893 4.47131 5807.64
65.7996 45.6637 705.796 4.47573 5805.74
65.8996 45.609 707.701 4.48014 5803.83
65.9996 45.5544 709.607 4.48454 5801.93
66.0996 45.4997 711.515 4.48893 5800.02
66.1996 45.4452 713.425 4.49331 5798.11
66.2996 45.3906 715.335 4.49767 5796.2
66.3996 45.3361 717.248 4.50202 5794.28
66.4996 45.2817 719.161 4.50637 5792.37
66.5996 45.2273 721.077 4.5107 5790.46
66.6996 45.1729 722.993 4.51502 5788.54
66.7996 45.1186 724.911 4.51933 5786.62
66.8996 45.0643 726.831 4.52363 5784.7
66.9995 45.01 728.752 4.52791 5782.78
67.0995 44.9558 730.674 4.53219 5780.86
67.1995 44.9016 732.598 4.53645 5778.93
67.2995 44.8475 734.523 4.5407 5777.01
67.3995 44.7934 736.45 4.54495 5775.08
67.4995 44.7393 738.378 4.54917 5773.16
67.5995 44.6853 740.307 4.55339 5771.23
67.6995 44.6313 742.238 4.5576 5769.29
67.7995 44.5774 744.17 4.5618 5767.36
67.8995 44.5235 746.103 4.56598 5765.43
67.9995 44.4697 748.038 4.57015 5763.49
68.0995 44.4158 749.974 4.57431 5761.56
68.1995 44.3621 751.912 4.57846 5759.62
68.2995 44.3083 753.851 4.5826 5757.68
68.3995 44.2546 755.791 4.58673 5755.74
68.4995 44.201 757.733 4.59084 5753.8
68.5995 44.1473 759.676 4.59495 5751.86
68.6995 44.0938 761.62 4.59904 5749.91
68.7995 44.0402 763.566 4.60312 5747.97
68.8995 43.9867 765.513 4.60719 5746.02
68.9995 43.9333 767.461 4.61124 5744.07
69.0995 43.8798 769.411 4.61529 5742.12
69.1995 43.8264 771.362 4.61932 5740.17
69.2995 43.7731 773.314 4.62335 5738.22
69.3995 43.7198 775.267 4.62736 5736.27
69.4995 43.6665 777.222 4.63135 5734.31
69.5995 43.6133 779.178 4.63534 5732.35
69.6995 43.5601 781.135 4.63932 5730.4
69.7995 43.507 783.094 4.64328 5728.44
69.8995 43.4538 785.054 4.64723 5726.48
69.9995 43.4008 787.015 4.65117 5724.52
70.0995 43.3477 788.977 4.6551 5722.56
70.1995 43.2947 790.941 4.65901 5720.59
70.2995 43.2418 792.906 4.66292 5718.63
70.3995 43.1889 794.872 4.66681 5716.66
70.4995 43.136 796.839 4.67069 5714.69
70.5995 43.0832 798.807 4.67456 5712.73
70.6995 43.0304 800.777 4.67841 5710.76
70.7995 42.9776 802.748 4.68226 5708.78
70.8995 42.9249 804.72 4.68609 5706.81
70.9995 42.8722 806.693 4.68991 5704.84
71.0995 42.8195 808.668 4.69372 5702.86
71.1995 42.7669 810.643 4.69752 5700.89
71.2995 42.7144 812.62 4.7013 5698.91
71.3995 42.6618 814.598 4.70507 5696.93
71.4995 42.6093 816.577 4.70883 5694.96
71.5995 42.5569 818.557 4.71258 5692.98
71.6995 42.5045 820.539 4.71632 5690.99
71.7995 42.4521 822.521 4.72004 5689.01
71.8995 42.3998 824.505 4.72375 5687.03
71.9995 42.3475 826.49 4.72745 5685.04
72.0995 42.2952 828.476 4.73114 5683.06
72.1995 42.243 830.463 4.73482 5681.07
72.2995 42.1908 832.451 4.73848 5679.08
72.3995 42.1386 834.441 4.74213 5677.09
72.4995 42.0865 836.431 4.74577 5675.1
72.5995 42.0345 838.422 4.7494 5673.11
72.6995 41.9824 840.415 4.75301 5671.12
72.7995 41.9304 842.409 4.75661 5669.12
72.8995 41.8785 844.404 4.7602 5667.13
72.9995 41.8266 846.399 4.76378 5665.13
73.0995 41.7747 848.396 4.76734 5663.14
73.1995 41.7228 850.394 4.77089 5661.14
73.2995 41.671 852.393 4.77443 5659.14
73.3995 41.6193 854.393 4.77796 5657.14
73.4995 41.5675 856.394 4.78148 5655.14
73.5994 41.5158 858.397 4.78498 5653.14
73.6994 41.4642 860.4 4.78847 5651.13
73.7994 41.4126 862.404 4.79195 5649.13
73.8994 41.361 864.409 4.79541 5647.12
73.9994 41.3094 866.415 4.79886 5645.12
74.0994 41.2579 868.423 4.8023 5643.11
74.1994 41.2065 870.431 4.80573 5641.1
74.2994 41.155 872.44 4.80915 5639.09
74.3994 41.1037 874.45 4.81255 5637.08
74.4994 41.0523 876.461 4.81594 5635.07
74.5994 41.001 878.473 4.81932 5633.06
74.6994 40.9497 880.487 4.82268 5631.05
74.7994 40.8985 882.501 4.82603 5629.03
74.8994 40.8473 884.516 4.82937 5627.02
74.9994 40.7961 886.532 4.8327 5625
75.0994 40.745 888.549 4.83601 5622.98
75.1994 40.6939 890.566 4.83931 5620.97
75.2994 40.6428 892.585 4.8426 5618.95
75.3994 40.5918 894.605 4.84588 5616.93
75.4994 40.5408 896.626 4.84914 5614.91
75.5994 40.4899 898.647 4.85239 5612.89
75.6994 40.439 900.67 4.85563 5610.86
75.7994 40.3881 902.693 4.85885 5608.84
75.8994 40.3373 904.717 4.86206 5606.82
75.9994 40.2865 906.742 4.86526 5604.79
76.0994 40.2357 908.768 4.86845 5602.76
76.1994 40.185 910.795 4.87162 5600.74
76.2994 40.1343 912.823 4.87478 5598.71
76.3994 40.0836 914.852 4.87793 5596.68
76.4994 40.033 916.881 4.88106 5594.65
76.5994 39.9825 918.912 4.88418 5592.62
76.6994 39.9319 920.943 4.88729 5590.59
76.7994 39.8814 922.975 4.89039 5588.56
76.8994 39.8309 925.008 4.89347 5586.52
76.9994 39.7805 927.041 4.89654 5584.49
77.0994 39.7301 929.076 4.89959 5582.46
77.1994 39.6798 931.111 4.90264 5580.42
77.2994 39.6294 933.147 4.90567 5578.39
77.3994 39.5792 935.184 4.90868 5576.35
77.4994 39.5289 937.222 4.91169 5574.31
77.5994 39.4787 939.26 4.91468 5572.27
77.6994 39.4285 941.3 4.91766 5570.23
77.7994 39.3784 943.34 4.92062 5568.19
77.8994 39.3283 945.38 4.92357 5566.15
77.9994 39.2782 947.422 4.92651 5564.11
78.0994 39.2282 949.464 4.92943 5562.07
78.1994 39.1782 951.507 4.93235 5560.03
78.2994 39.1282 953.551 4.93524 5557.98
78.3994 39.0783 955.596 4.93813 5555.94
78.4994 39.0284 957.641 4.941 5553.89
78.5994 38.9786 959.687 4.94386 5551.85
78.6994 38.9287 961.734 4.9467 5549.8
78.7994 38.879 963.781 4.94954 5547.75
78.8994 38.8292 965.83 4.95235 5545.7
78.9994 38.7795 967.879 4.95516 5543.65
79.0994 38.7298 969.928 4.95795 5541.6
79.1994 38.6802 971.978 4.96073 5539.55
79.2994 38.6306 974.029 4.96349 5537.5
79.3994 38.581 976.081 4.96624 5535.45
79.4994 38.5315 978.133 4.96898 5533.4
79.5994 38.482 980.186 4.97171 5531.35
79.6994 38.4326 982.24 4.97442 5529.29
79.7994 38.3831 984.294 4.97712 5527.24
79.8994 38.3337 986.349 4.9798 5525.18
79.9994 38.2844 988.405 4.98247 5523.13
80.0993 38.2351 990.461 4.98513 5521.07
80.1993 38.1858 992.518 4.98777 5519.01
80.2993 38.1365 994.575 4.9904 5516.96
80.3993 38.0873 996.633 4.99302 5514.9
80.4993 38.0382 998.692 4.99562 5512.84
80.5993 37.989 1000.75 4.99821 5510.78
80.6993 37.9399 1002.81 5.00078 5508.72
80.7993 37.8908 1004.87 5.00334 5506.66
80.8993 37.8418 1006.93 5.00589 5504.6
80.9993 37.7928 1008.99 5.00843 5502.54
81.0993 37.7438 1011.06 5.01095 5500.48
81.1993 37.6949 1013.12 5.01345 5498.41
81.2993 37.646 1015.18 5.01595 5496.35
81.3993 37.5971 1017.25 5.01843 5494.29
81.4993 37.5483 1019.31 5.02089 5492.22
81.5993 37.4995 1021.38 5.02334 5490.16
81.6993 37.4508 1023.44 5.02578 5488.09
81.7993 37.402 1025.51 5.02821 5486.03
81.8993 37.3534 1027.57 5.03062 5483.96
81.9993 37.3047 1029.64 5.03301 5481.89
82.0993 37.2561 1031.71 5.03539 5479.82
82.1993 37.2075 1033.78 5.03776 5477.76
82.2993 37.1589 1035.84 5.04012 5475.69
82.3993 37.1104 1037.91 5.04246 5473.62
82.4993 37.0619 1039.98 5.04479 5471.55
82.5993 37.0135 1042.05 5.0471 5469.48
82.6993 36.9651 1044.12 5.0494 5467.41
82.7993 36.9167 1046.19 5.05168 5465.34
82.8993 36.8684 1048.27 5.05395 5463.27
82.9993 36.8201 1050.34 5.05621 5461.2
83.0993 36.7718 1052.41 5.05845 5459.12
83.1993 36.7235 1054.48 5.06068 5457.05
83.2993 36.6753 1056.56 5.0629 5454.98
83.3993 36.6271 1058.63 5.0651 5452.9
83.4993 36.579 1060.7 5.06728 5450.83
83.5993 36.5309 1062.78 5.06946 5448.76
83.6993 36.4828 1064.85 5.07161 5446.68
83.7993 36.4348 1066.93 5.07376 5444.61
83.8993 36.3868 1069 5.07589 5442.53
83.9993 36.3388 1071.08 5.078 5440.45
84.0993 36.2909 1073.16 5.08011 5438.38
84.1993 36.243 1075.23 5.08219 5436.3
84.2993 36.1951 1077.31 5.08427 5434.22
84.3993 36.1473 1079.39 5.08632 5432.15
84.4993 36.0995 1081.46 5.08837 5430.07
84.5993 36.0517 1083.54 5.0904 5427.99
84.6993 36.0039 1085.62 5.09242 5425.91
84.7993 35.9562 1087.7 5.09442 5423.83
84.8993 35.9086 1089.78 5.0964 5421.75
84.9993 35.8609 1091.86 5.09838 5419.67
85.0993 35.8133 1093.94 5.10034 5417.59
85.1993 35.7658 1096.02 5.10228 5415.51
85.2993 35.7182 1098.1 5.10421 5413.43
85.3993 35.6707 1100.18 5.10613 5411.35
85.4993 35.6233 1102.26 5.10803 5409.27
85.5993 35.5758 1104.34 5.10991 5407.19
85.6993 35.5284 1106.42 5.11179 5405.11
85.7993 35.481 1108.51 5.11364 5403.03
85.8993 35.4337 1110.59 5.11549 5400.95
85.9993 35.3864 1112.67 5.11732 5398.86
86.0993 35.3391 1114.75 5.11913 5396.78
86.1993 35.2919 1116.84 5.12093 5394.7
86.2993 35.2447 1118.92 5.12272 5392.61
86.3993 35.1975 1121 5.12449 5390.53
86.4993 35.1504 1123.09 5.12624 5388.45
86.5993 35.1033 1125.17 5.12798 5386.36
86.6992 35.0562 1127.25 5.12971 5384.28
86.7992 35.0091 1129.34 5.13142 5382.2
86.8992 34.9621 1131.42 5.13312 5380.11
86.9992 34.9151 1133.51 5.1348 5378.03
87.0992 34.8682 1135.59 5.13647 5375.94
87.1992 34.8213 1137.68 5.13813 5373.86
87.2992 34.7744 1139.76 5.13977 5371.77
87.3992 34.7276 1141.85 5.14139 5369.69
87.4992 34.6807 1143.93 5.143 5367.6
87.5992 34.6339 1146.02 5.14459 5365.51
87.6992 34.5872 1148.1 5.14617 5363.43
87.7992 34.5405 1150.19 5.14774 5361.34
87.8992 34.4938 1152.28 5.14929 5359.26
87.9992 34.4471 1154.36 5.15083 5357.17
88.0992 34.4005 1156.45 5.15235 5355.08
88.1992 34.3539 1158.54 5.15385 5353
88.2992 34.3074 1160.62 5.15534 5350.91
88.3992 34.2608 1162.71 5.15682 5348.82
88.4992 34.2143 1164.8 5.15828 5346.74
88.5992 34.1679 1166.88 5.15973 5344.65
88.6992 34.1214 1168.97 5.16116 5342.56
88.7992 34.075 1171.06 5.16258 5340.48
88.8992 34.0287 1173.14 5.16398 5338.39
88.9992 33.9823 1175.23 5.16537 5336.3
89.0992 33.936 1177.32 5.16674 5334.21
89.1992 33.8897 1179.41 5.1681 5332.13
89.2992 33.8435 1181.49 5.16944 5330.04
89.3992 33.7973 1183.58 5.17076 5327.95
89.4992 33.7511 1185.67 5.17208 5325.86
89.5992 33.705 1187.76 5.17337 5323.78
89.6992 33.6588 1189.84 5.17465 5321.69
89.7992 33.6128 1191.93 5.17592 5319.6
89.8992 33.5667 1194.02 5.17717 5317.51
89.9992 33.5207 1196.11 5.17841 5315.43
90.0992 33.4747 1198.19 5.17963 5313.34
90.1992 33.4287 1200.28 5.18084 5311.25
90.2992 33.3828 1202.37 5.18203 5309.16
90.3992 33.3369 1204.46 5.18321 5307.08
90.4992 33.291 1206.54 5.18437 5304.99
90.5992 33.2452 1208.63 5.18551 5302.9
90.6992 33.1994 1210.72 5.18664 5300.81
90.7992 33.1536 1212.81 5.18776 5298.73
90.8992 33.1079 1214.89 5.18886 5296.64
90.9992 33.0622 1216.98 5.18994 5294.55
91.0992 33.0165 1219.07 5.19101 5292.46
91.1992 32.9708 1221.15 5.19207 5290.38
91.2992 32.9252 1223.24 5.19311 5288.29
91.3992 32.8796 1225.33 5.19413 5286.2
91.4992 32.834 1227.42 5.19514 5284.12
91.5992 32.7885 1229.5 5.19613 5282.03
91.6992 32.743 1231.59 5.19711 5279.94
91.7992 32.6976 1233.68 5.19807 5277.86
91.8992 32.6521 1235.76 5.19902 5275.77
91.9992 32.6067 1237.85 5.19995 5273.68
92.0992 32.5613 1239.94 5.20087 5271.6
92.1992 32.516 1242.02 5.20177 5269.51
92.2992 32.4707 1244.11 5.20266 5267.43
92.3992 32.4254 1246.19 5.20353 5265.34
92.4992 32.3801 1248.28 5.20438 5263.25
92.5992 32.3349 1250.36 5.20522 5261.17
92.6992 32.2897 1252.45 5.20604 5259.08
92.7992 32.2445 1254.54 5.20685 5257
92.8992 32.1994 1256.62 5.20764 5254.91
92.9992 32.1543 1258.7 5.20842 5252.83
93.0992 32.1092 1260.79 5.20918 5250.74
93.1992 32.0642 1262.87 5.20993 5248.66
93.2991 32.0192 1264.96 5.21066 5246.57
93.3991 31.9742 1267.04 5.21138 5244.49
93.4991 31.9292 1269.13 5.21208 5242.41
93.5991 31.8843 1271.21 5.21276 5240.32
93.6991 31.8394 1273.29 5.21343 5238.24
93.7991 31.7945 1275.38 5.21408 5236.16
93.8991 31.7497 1277.46 5.21472 5234.07
93.9991 31.7049 1279.54 5.21534 5231.99
94.0991 31.6601 1281.62 5.21595 5229.91
94.1991 31.6153 1283.71 5.21654 5227.83
94.2991 31.5706 1285.79 5.21711 5225.74
94.3991 31.5259 1287.87 5.21767 5223.66
94.4991 31.4813 1289.95 5.21821 5221.58
94.5991 31.4366 1292.03 5.21874 5219.5
94.6991 31.392 1294.11 5.21925 5217.42
94.7991 31.3475 1296.19 5.21975 5215.34
94.8991 31.3029 1298.27 5.22023 5213.26
94.9991 31.2584 1300.35 5.22069 5211.18
95.0991 31.2139 1302.43 5.22114 5209.1
95.1991 31.1695 1304.51 5.22157 5207.02
95.2991 31.125 1306.59 5.22199 5204.94
95.3991 31.0806 1308.67 5.22239 5202.86
95.4991 31.0363 1310.75 5.22278 5200.79
95.5991 30.9919 1312.82 5.22315 5198.71
95.6991 30.9476 1314.9 5.2235 5196.63
95.7991 30.9033 1316.98 5.22384 5194.55
95.8991 30.8591 1319.06 5.22416 5192.48
95.9991 30.8148 1321.13 5.22446 5190.4
96.0991 30.7706 1323.21 5.22475 5188.32
96.1991 30.7265 1325.28 5.22503 5186.25
96.2991 30.6823 1327.36 5.22529 5184.17
96.3991 30.6382 1329.43 5.22553 5182.1
96.4991 30.5941 1331.51 5.22576 5180.02
96.5991 30.5501 1333.58 5.22597 5177.95
96.6991 30.5061 1335.66 5.22616 5175.88
96.7991 30.4621 1337.73 5.22634 5173.8
96.8991 30.4181 1339.8 5.2265 5171.73
96.9991 30.3741 1341.87 5.22665 5169.66
97.0991 30.3302 1343.95 5.22678 5167.59
97.1991 30.2863 1346.02 5.22689 5165.52
97.2991 30.2425 1348.09 5.22699 5163.44
97.3991 30.1987 1350.16 5.22707 5161.37
97.4991 30.1549 1352.23 5.22714 5159.3
97.5991 30.1111 1354.3 5.22719 5157.23
97.6991 30.0673 1356.37 5.22722 5155.17
97.7991 30.0236 1358.44 5.22724 5153.1
97.8991 29.9799 1360.5 5.22724 5151.03
97.9991 29.9363 1362.57 5.22723 5148.96
98.0991 29.8926 1364.64 5.22719 5146.89
98.1991 29.849 1366.7 5.22715 5144.83
98.2991 29.8054 1368.77 5.22708 5142.76
98.3991 29.7619 1370.84 5.22701 5140.7
98.4991 29.7184 1372.9 5.22691 5138.63
98.5991 29.6749 1374.97 5.2268 5136.57
98.6991 29.6314 1377.03 5.22667 5134.5
98.7991 29.588 1379.09 5.22653 5132.44
98.8991 29.5446 1381.16 5.22637 5130.38
98.9991 29.5012 1383.22 5.22619 5128.31
99.0991 29.4578 1385.28 5.226 5126.25
99.1991 29.4145 1387.34 5.22579 5124.19
99.2991 29.3712 1389.4 5.22556 5122.13
99.3991 29.3279 1391.46 5.22532 5120.07
99.4991 29.2847 1393.52 5.22506 5118.01
99.5991 29.2414 1395.58 5.22479 5115.95
99.6991 29.1982 1397.64 5.2245 5113.9
99.799 29.1551 1399.69 5.22419 5111.84
99.899 29.1119 1401.75 5.22387 5109.78
99.999 29.0688 1403.81 5.22353 5107.73
100.099 29.0257 1405.86 5.22317 5105.67
100.199 28.9827 1407.92 5.2228 5103.61
100.299 28.9396 1409.97 5.22241 5101.56
100.399 28.8966 1412.03 5.222 5099.51
100.499 28.8537 1414.08 5.22158 5097.45
100.599 28.8107 1416.13 5.22114 5095.4
100.699 28.7678 1418.18 5.22069 5093.35
100.799 28.7249 1420.23 5.22022 5091.3
100.899 28.682 1422.28 5.21973 5089.25
100.999 28.6392 1424.33 5.21923 5087.2
101.099 28.5963 1426.38 5.2187 5085.15
101.199 28.5535 1428.43 5.21817 5083.1
101.299 28.5108 1430.48 5.21761 5081.05
101.399 28.468 1432.52 5.21704 5079.01
101.499 28.4253 1434.57 5.21646 5076.96
101.599 28.3826 1436.62 5.21585 5074.92
101.699 28.34 1438.66 5.21523 5072.87
101.799 28.2973 1440.7 5.2146 5070.83
101.899 28.2547 1442.75 5.21395 5068.78
101.999 28.2122 1444.79 5.21328 5066.74
102.099 28.1696 1446.83 5.21259 5064.7
102.199 28.1271 1448.87 5.21189 5062.66
102.299 28.0846 1450.91 5.21117 5060.62
102.399 28.0421 1452.95 5.21043 5058.58
102.499 27.9996 1454.99 5.20968 5056.54
102.599 27.9572 1457.03 5.20891 5054.5
102.699 27.9148 1459.06 5.20813 5052.47
102.799 27.8724 1461.1 5.20732 5050.43
102.899 27.8301 1463.14 5.2065 5048.4
102.999 27.7878 1465.17 5.20567 5046.36
103.099 27.7455 1467.2 5.20482 5044.33
103.199 27.7032 1469.24 5.20395 5042.3
103.299 27.661 1471.27 5.20306 5040.26
103.399 27.6187 1473.3 5.20216 5038.23
103.499 27.5765 1475.33 5.20124 5036.2
103.599 27.5344 1477.36 5.20031 5034.17
103.699 27.4922 1479.39 5.19935 5032.14
103.799 27.4501 1481.42 5.19838 5030.12
103.899 27.408 1483.44 5.1974 5028.09
103.999 27.3659 1485.47 5.19639 5026.06
104.099 27.3239 1487.49 5.19538 5024.04
104.199 27.2819 1489.52 5.19434 5022.01
104.299 27.2399 1491.54 5.19329 5019.99
104.399 27.1979 1493.57 5.19222 5017.97
104.499 27.156 1495.59 5.19113 5015.95
104.599 27.1141 1497.61 5.19003 5013.93
104.699 27.0722 1499.63 5.18891 5011.91
104.799 27.0303 1501.65 5.18777 5009.89
104.899 26.9885 1503.66 5.18661 5007.87
104.999 26.9467 1505.68 5.18544 5005.85
105.099 26.9049 1507.7 5.18426 5003.84
105.199 26.8631 1509.71 5.18305 5001.82
105.299 26.8214 1511.73 5.18183 4999.81
105.399 26.7796 1513.74 5.18059 4997.79
105.499 26.738 1515.75 5.17934 4995.78
105.599 26.6963 1517.76 5.17806 4993.77
105.699 26.6546 1519.77 5.17678 4991.76
105.799 26.613 1521.78 5.17547 4989.75
105.899 26.5714 1523.79 5.17415 4987.74
105.999 26.5299 1525.8 5.17281 4985.74
106.099 26.4883 1527.8 5.17145 4983.73
106.199 26.4468 1529.81 5.17008 4981.72
106.299 26.4053 1531.81 5.16869 4979.72
106.399 26.3638 1533.82 5.16728 4977.72
106.499 26.3224 1535.82 5.16585 4975.71
106.599 26.281 1537.82 5.16441 4973.71
106.699 26.2396 1539.82 5.16295 4971.71
106.799 26.1982 1541.82 5.16148 4969.71
106.899 26.1568 1543.82 5.15999 4967.72
106.999 26.1155 1545.81 5.15848 4965.72
107.099 26.0742 1547.81 5.15695 4963.72
107.199 26.0329 1549.8 5.15541 4961.73
107.299 25.9917 1551.8 5.15385 4959.73
107.399 25.9504 1553.79 5.15227 4957.74
107.499 25.9092 1555.78 5.15067 4955.75
107.599 25.8681 1557.77 5.14906 4953.76
107.699 25.8269 1559.76 5.14743 4951.77
107.799 25.7858 1561.75 5.14579 4949.78
107.899 25.7446 1563.74 5.14413 4947.8
107.999 25.7036 1565.72 5.14245 4945.81
108.099 25.6625 1567.71 5.14075 4943.82
108.199 25.6215 1569.69 5.13904 4941.84
108.299 25.5804 1571.67 5.1373 4939.86
108.399 25.5394 1573.66 5.13556 4937.88
108.499 25.4985 1575.64 5.13379 4935.9
108.599 25.4575 1577.62 5.13201 4933.92
108.699 25.4166 1579.59 5.13021 4931.94
108.799 25.3757 1581.57 5.12839 4929.96
108.899 25.3348 1583.55 5.12656 4927.99
108.999 25.294 1585.52 5.12471 4926.01
109.099 25.2532 1587.49 5.12284 4924.04
109.199 25.2123 1589.47 5.12095 4922.07
109.299 25.1716 1591.44 5.11905 4920.1
109.399 25.1308 1593.41 5.11713 4918.13
109.499 25.0901 1595.37 5.1152 4916.16
109.599 25.0494 1597.34 5.11324 4914.19
109.699 25.0087 1599.31 5.11127 4912.22
109.799 24.968 1601.27 5.10928 4910.26
109.899 24.9273 1603.24 5.10728 4908.3
109.999 24.8867 1605.2 5.10526 4906.33
110.099 24.8461 1607.16 5.10322 4904.37
110.199 24.8055 1609.12 5.10116 4902.41
110.299 24.765 1611.08 5.09908 4900.45
110.399 24.7245 1613.04 5.09699 4898.5
110.499 24.684 1614.99 5.09488 4896.54
110.599 24.6435 1616.95 5.09276 4894.59
110.699 24.603 1618.9 5.09062 4892.63
110.799 24.5626 1620.85 5.08846 4890.68
110.899 24.5222 1622.8 5.08628 4888.73
110.999 24.4818 1624.75 5.08408 4886.78
111.099 24.4414 1626.7 5.08187 4884.83
111.199 24.401 1628.65 5.07964 4882.89
111.299 24.3607 1630.59 5.0774 4880.94
111.399 24.3204 1632.54 5.07513 4879
111.499 24.2801 1634.48 5.07285 4877.05
111.599 24.2399 1636.42 5.07055 4875.11
111.699 24.1996 1638.36 5.06824 4873.17
111.799 24.1594 1640.3 5.0659 4871.23
111.899 24.1192 1642.24 5.06355 4869.29
111.999 24.079 1644.18 5.06119 4867.36
112.099 24.0389 1646.11 5.0588 4865.42
112.199 23.9988 1648.04 5.0564 4863.49
112.299 23.9586 1649.98 5.05398 4861.56
112.399 23.9186 1651.91 5.05154 4859.63
112.499 23.8785 1653.84 5.04909 4857.7
112.599 23.8385 1655.76 5.04662 4855.77
112.699 23.7984 1657.69 5.04413 4853.84
112.799 23.7584 1659.62 5.04163 4851.92
112.899 23.7185 1661.54 5.0391 4849.99
112.999 23.6785 1663.46 5.03656 4848.07
113.099 23.6386 1665.38 5.034 4846.15
113.199 23.5987 1667.3 5.03143 4844.23
113.299 23.5588 1669.22 5.02884 4842.31
113.399 23.5189 1671.14 5.02623 4840.4
113.499 23.4791 1673.05 5.0236 4838.48
113.599 23.4392 1674.97 5.02096 4836.57
113.699 23.3994 1676.88 5.01829 4834.65
113.799 23.3597 1678.79 5.01561 4832.74
113.899 23.3199 1680.7 5.01292 4830.83
113.999 23.2802 1682.61 5.0102 4828.93
114.099 23.2404 1684.51 5.00747 4827.02
114.199 23.2007 1686.42 5.00472 4825.11
114.299 23.1611 1688.32 5.00196 4823.21
114.399 23.1214 1690.22 4.99917 4821.31
114.499 23.0818 1692.12 4.99637 4819.41
114.599 23.0422 1694.02 4.99356 4817.51
114.699 23.0026 1695.92 4.99072 4815.61
114.799 22.963 1697.82 4.98787 4813.72
114.899 22.9235 1699.71 4.985 4811.82
114.999 22.8839 1701.6 4.98211 4809.93
115.099 22.8444 1703.49 4.97921 4808.04
115.199 22.8049 1705.38 4.97628 4806.15
115.299 22.7655 1707.27 4.97334 4804.26
115.399 22.726 1709.16 4.97039 4802.37
115.499 22.6866 1711.04 4.96741 4800.49
115.599 22.6472 1712.93 4.96442 4798.61
115.699 22.6078 1714.81 4.96141 4796.72
115.799 22.5684 1716.69 4.95838 4794.84
115.899 22.5291 1718.57 4.95534 4792.96
115.999 22.4898 1720.45 4.95228 4791.09
116.099 22.4505 1722.32 4.9492 4789.21
116.199 22.4112 1724.19 4.9461 4787.34
116.299 22.3719 1726.07 4.94299 4785.47
116.399 22.3327 1727.94 4.93986 4783.59
116.499 22.2935 1729.81 4.93671 4781.73
116.599 22.2543 1731.67 4.93354 4779.86
116.699 22.2151 1733.54 4.93036 4777.99
116.799 22.1759 1735.4 4.92716 4776.13
116.899 22.1368 1737.27 4.92394 4774.27
116.999 22.0977 1739.13 4.92071 4772.4
117.099 22.0586 1740.99 4.91745 4770.55
117.199 22.0195 1742.84 4.91418 4768.69
117.299 21.9805 1744.7 4.9109 4766.83
117.399 21.9414 1746.55 4.90759 4764.98
117.499 21.9024 1748.41 4.90427 4763.13
117.599 21.8634 1750.26 4.90093 4761.27
117.699 21.8244 1752.11 4.89757 4759.43
117.799 21.7855 1753.95 4.8942 4757.58
117.899 21.7465 1755.8 4.8908 4755.73
117.999 21.7076 1757.64 4.8874 4753.89
118.099 21.6687 1759.49 4.88397 4752.05
118.199 21.6298 1761.33 4.88052 4750.2
118.299 21.591 1763.17 4.87706 4748.37
118.399 21.5521 1765 4.87358 4746.53
118.499 21.5133 1766.84 4.87009 4744.69
118.599 21.4745 1768.67 4.86657 4742.86
118.699 21.4357 1770.51 4.86304 4741.03
118.799 21.397 1772.34 4.85949 4739.2
118.899 21.3582 1774.16 4.85593 4737.37
118.999 21.3195 1775.99 4.85234 4735.54
119.099 21.2808 1777.82 4.84874 4733.72
119.199 21.2421 1779.64 4.84512 4731.89
119.299 21.2034 1781.46 4.84149 4730.07
119.399 21.1648 1783.28 4.83783 4728.25
119.499 21.1262 1785.1 4.83416 4726.43
119.599 21.0876 1786.91 4.83048 4724.62
119.699 21.049 1788.73 4.82677 4722.8
119.799 21.0104 1790.54 4.82305 4720.99
119.899 20.9718 1792.35 4.81931 4719.18
119.999 20.9333 1794.16 4.81555 4717.37
120.099 20.8948 1795.97 4.81178 4715.57
120.199 20.8563 1797.77 4.80798 4713.76
120.299 20.8178 1799.58 4.80417 4711.96
120.399 20.7794 1801.38 4.80035 4710.16
120.499 20.7409 1803.18 4.7965 4708.36
120.599 20.7025 1804.98 4.79264 4706.56
120.699 20.6641 1806.77 4.78876 4704.76
120.799 20.6257 1808.57 4.78487 4702.97
120.899 20.5874 1810.36 4.78095 4701.18
120.999 20.549 1812.15 4.77702 4699.38
121.099 20.5107 1813.94 4.77307 4697.6
121.199 20.4724 1815.72 4.76911 4695.81
121.299 20.4341 1817.51 4.76512 4694.02
121.399 20.3958 1819.29 4.76112 4692.24
121.499 20.3576 1821.07 4.7571 4690.46
121.599 20.3194 1822.85 4.75307 4688.68
121.699 20.2811 1824.63 4.74902 4686.9
121.799 20.2429 1826.4 4.74495 4685.13
121.899 20.2048 1828.18 4.74086 4683.36
121.999 20.1666 1829.95 4.73675 4681.59
122.099 20.1285 1831.72 4.73263 4679.82
122.199 20.0903 1833.48 4.72849 4678.05
122.299 20.0522 1835.25 4.72434 4676.28
122.399 20.0141 1837.01 4.72016 4674.52
122.499 19.9761 1838.78 4.71597 4672.76
122.599 19.938 1840.53 4.71176 4671
122.699 19.9 1842.29 4.70754 4669.24
122.799 19.862 1844.05 4.70329 4667.48
122.899 19.824 1845.8 4.69903 4665.73
122.999 19.786 1847.55 4.69476 4663.98
123.099 19.748 1849.3 4.69046 4662.23
123.199 19.7101 1851.05 4.68615 4660.48
123.299 19.6722 1852.8 4.68182 4658.73
123.399 19.6343 1854.54 4.67747 4656.99
123.499 19.5964 1856.28 4.67311 4655.25
123.599 19.5585 1858.02 4.66873 4653.51
123.699 19.5206 1859.76 4.66433 4651.77
123.799 19.4828 1861.5 4.65991 4650.04
123.899 19.445 1863.23 4.65548 4648.3
123.999 19.4072 1864.96 4.65103 4646.57
124.099 19.3694 1866.69 4.64656 4644.84
124.199 19.3316 1868.42 4.64208 4643.11
124.299 19.2939 1870.15 4.63757 4641.39
124.399 19.2561 1871.87 4.63305 4639.66
124.499 19.2184 1873.59 4.62852 4637.94
124.599 19.1807 1875.31 4.62396 4636.22
124.699 19.143 1877.03 4.61939 4634.51
124.799 19.1054 1878.74 4.6148 4632.79
124.899 19.0677 1880.46 4.6102 4631.08
124.999 19.0301 1882.17 4.60558 4629.37
125.099 18.9925 1883.88 4.60094 4627.66
125.199 18.9549 1885.58 4.59628 4625.95
125.299 18.9173 1887.29 4.59161 4624.24
125.399 18.8797 1888.99 4.58691 4622.54
125.499 18.8422 1890.69 4.58221 4620.84
125.599 18.8047 1892.39 4.57748 4619.14
125.699 18.7672 1894.09 4.57274 4617.45
125.799 18.7297 1895.78 4.56798 4615.75
125.899 18.6922 1897.47 4.5632 4614.06
125.999 18.6547 1899.16 4.55841 4612.37
126.099 18.6173 1900.85 4.5536 4610.68
126.199 18.5799 1902.54 4.54877 4609
126.299 18.5424 1904.22 4.54392 4607.31
126.399 18.505 1905.9 4.53906 4605.63
126.499 18.4677 1907.58 4.53418 4603.95
126.599 18.4303 1909.26 4.52928 4602.28
126.699 18.393 1910.93 4.52437 4600.6
126.799 18.3556 1912.6 4.51944 4598.93
126.899 18.3183 1914.28 4.51449 4597.26
126.999 18.281 1915.94 4.50952 4595.59
127.099 18.2438 1917.61 4.50454 4593.92
127.199 18.2065 1919.27 4.49954 4592.26
127.299 18.1692 1920.94 4.49453 4590.6
127.399 18.132 1922.6 4.48949 4588.94
127.499 18.0948 1924.25 4.48444 4587.28
127.599 18.0576 1925.91 4.47938 4585.63
127.699 18.0204 1927.56 4.47429 4583.97
127.799 17.9833 1929.21 4.46919 4582.32
127.899 17.9461 1930.86 4.46407 4580.67
127.999 17.909 1932.51 4.45894 4579.03
128.099 17.8719 1934.15 4.45379 4577.38
128.199 17.8348 1935.79 4.44862 4575.74
128.299 17.7977 1937.43 4.44343 4574.1
128.399 17.7606 1939.07 4.43823 4572.46
128.499 17.7235 1940.7 4.43301 4570.83
128.599 17.6865 1942.34 4.42777 4569.2
128.699 17.6495 1943.97 4.42252 4567.57
128.799 17.6125 1945.59 4.41725 4565.94
128.899 17.5755 1947.22 4.41196 4564.31
128.999 17.5385 1948.84 4.40666 4562.69
129.099 17.5015 1950.47 4.40133 4561.07
129.199 17.4646 1952.09 4.396 4559.45
129.299 17.4277 1953.7 4.39064 4557.83
129.399 17.3907 1955.32 4.38527 4556.22
129.499 17.3538 1956.93 4.37988 4554.6
129.599 17.317 1958.54 4.37447 4552.99
129.699 17.2801 1960.15 4.36905 4551.39
129.799 17.2432 1961.75 4.36361 4549.78
129.899 17.2064 1963.35 4.35816 4548.18
129.999 17.1696 1964.95 4.35268 4546.58
130.099 17.1328 1966.55 4.3472 4544.98
130.199 17.096 1968.15 4.34169 4543.38
130.299 17.0592 1969.74 4.33617 4541.79
130.399 17.0224 1971.33 4.33063 4540.2
130.499 16.9857 1972.92 4.32507 4538.61
130.599 16.949 1974.51 4.3195 4537.02
130.699 16.9122 1976.09 4.31391 4535.44
130.799 16.8755 1977.67 4.3083 4533.86
130.899 16.8389 1979.25 4.30268 4532.28
130.999 16.8022 1980.83 4.29704 4530.7
131.099 16.7655 1982.4 4.29138 4529.13
131.199 16.7289 1983.98 4.28571 4527.56
131.299 16.6923 1985.55 4.28002 4525.99
131.399 16.6557 1987.11 4.27431 4524.42
131.499 16.6191 1988.68 4.26859 4522.85
131.599 16.5825 1990.24 4.26285 4521.29
131.699 16.5459 1991.8 4.25709 4519.73
131.799 16.5094 1993.36 4.25132 4518.17
131.899 16.4728 1994.91 4.24553 4516.62
131.999 16.4363 1996.47 4.23973 4515.07
132.099 16.3998 1998.02 4.2339 4513.52
132.199 16.3633 1999.56 4.22807 4511.97
132.299 16.3268 2001.11 4.22221 4510.42
132.399 16.2904 2002.65 4.21634 4508.88
132.499 16.2539 2004.19 4.21045 4507.34
132.599 16.2175 2005.73 4.20455 4505.8
132.699 16.181 2007.27 4.19862 4504.27
132.799 16.1446 2008.8 4.19269 4502.73
132.899 16.1082 2010.33 4.18673 4501.2
132.999 16.0719 2011.86 4.18076 4499.67
133.099 16.0355 2013.38 4.17478 4498.15
133.199 15.9992 2014.91 4.16877 4496.62
133.299 15.9628 2016.43 4.16275 4495.1
133.399 15.9265 2017.95 4.15672 4493.59
133.499 15.8902 2019.46 4.15067 4492.07
133.599 15.8539 2020.98 4.1446 4490.56
133.699 15.8176 2022.49 4.13851 4489.05
133.799 15.7814 2023.99 4.13241 4487.54
133.899 15.7451 2025.5 4.12629 4486.03
133.999 15.7089 2027 4.12016 4484.53
134.099 15.6726 2028.5 4.11401 4483.03
134.199 15.6364 2030 4.10784 4481.53
134.299 15.6002 2031.5 4.10166 4480.04
134.399 15.5641 2032.99 4.09546 4478.54
134.499 15.5279 2034.48 4.08925 4477.05
134.599 15.4917 2035.97 4.08302 4475.56
134.699 15.4556 2037.45 4.07677 4474.08
134.799 15.4195 2038.94 4.07051 4472.6
134.899 15.3834 2040.42 4.06423 4471.12
134.999 15.3473 2041.89 4.05793 4469.64
135.099 15.3112 2043.37 4.05162 4468.16
135.199 15.2751 2044.84 4.04529 4466.69
135.299 15.239 2046.31 4.03895 4465.22
135.399 15.203 2047.78 4.03259 4463.75
135.499 15.167 2049.24 4.02622 4462.29
135.599 15.1309 2050.71 4.01982 4460.83
135.699 15.0949 2052.16 4.01342 4459.37
135.799 15.059 2053.62 4.00699 4457.91
135.899 15.023 2055.08 4.00055 4456.46
135.999 14.987 2056.53 3.9941 4455.01
136.099 14.9511 2057.98 3.98763 4453.56
136.199 14.9151 2059.42 3.98114 4452.11
136.299 14.8792 2060.87 3.97463 4450.67
136.399 14.8433 2062.31 3.96812 4449.23
136.499 14.8074 2063.75 3.96158 4447.79
136.599 14.7715 2065.18 3.95503 4446.35
136.699 14.7356 2066.61 3.94846 4444.92
136.799 14.6998 2068.05 3.94188 4443.49
136.899 14.6639 2069.47 3.93528 4442.06
136.999 14.6281 2070.9 3.92867 4440.63
137.099 14.5923 2072.32 3.92204 4439.21
137.199 14.5565 2073.74 3.91539 4437.79
137.299 14.5207 2075.16 3.90873 4436.37
137.399 14.4849 2076.57 3.90205 4434.96
137.499 14.4491 2077.98 3.89536 4433.55
137.599 14.4133 2079.39 3.88865 4432.14
137.699 14.3776 2080.8 3.88193 4430.73
137.799 14.3419 2082.2 3.87519 4429.33
137.899 14.3062 2083.6 3.86843 4427.93
137.999 14.2704 2085 3.86166 4426.53
138.099 14.2348 2086.4 3.85488 4425.13
138.199 14.1991 2087.79 3.84807 4423.74
138.299 14.1634 2089.18 3.84126 4422.35
138.399 14.1277 2090.57 3.83442 4420.96
138.499 14.0921 2091.95 3.82758 4419.58
138.599 14.0565 2093.34 3.82071 4418.2
138.699 14.0209 2094.72 3.81383 4416.82
138.799 13.9852 2096.09 3.80694 4415.44
138.899 13.9496 2097.47 3.80003 4414.07
138.999 13.9141 2098.84 3.7931 4412.7
139.099 13.8785 2100.21 3.78616 4411.33
139.199 13.8429 2101.57 3.7792 4409.96
139.299 13.8074 2102.93 3.77223 4408.6
139.399 13.7719 2104.29 3.76524 4407.24
139.499 13.7363 2105.65 3.75824 4405.88
139.599 13.7008 2107.01 3.75122 4404.53
139.699 13.6653 2108.36 3.74419 4403.18
139.799 13.6298 2109.71 3.73714 4401.83
139.899 13.5944 2111.05 3.73008 4400.48
139.999 13.5589 2112.4 3.723 4399.14
140.099 13.5235 2113.74 3.71591 4397.8
140.199 13.488 2115.07 3.7088 4396.46
140.299 13.4526 2116.41 3.70167 4395.12
140.399 13.4172 2117.74 3.69453 4393.79
140.499 13.3818 2119.07 3.68738 4392.46
140.599 13.3464 2120.4 3.68021 4391.14
140.699 13.311 2121.72 3.67303 4389.81
140.799 13.2757 2123.04 3.66583 4388.49
140.899 13.2403 2124.36 3.65861 4387.17
140.999 13.205 2125.68 3.65138 4385.86
141.099 13.1696 2126.99 3.64414 4384.54
141.199 13.1343 2128.3 3.63688 4383.23
141.299 13.099 2129.6 3.62961 4381.93
141.399 13.0637 2130.91 3.62232 4380.62
141.499 13.0284 2132.21 3.61501 4379.32
141.599 12.9931 2133.51 3.60769 4378.02
141.699 12.9579 2134.8 3.60036 4376.73
141.799 12.9226 2136.1 3.59301 4375.44
141.899 12.8874 2137.39 3.58565 4374.15
141.999 12.8522 2138.67 3.57827 4372.86
142.099 12.8169 2139.96 3.57088 4371.58
142.199 12.7817 2141.24 3.56347 4370.3
142.299 12.7465 2142.52 3.55605 4369.02
142.399 12.7113 2143.79 3.54861 4367.74
142.499 12.6762 2145.06 3.54116 4366.47
142.6 12.641 2146.33 3.53369 4365.2
142.7 12.6059 2147.6 3.52621 4363.93
142.8 12.5707 2148.86 3.51872 4362.67
142.9 12.5356 2150.12 3.51121 4361.41
143 12.5005 2151.38 3.50368 4360.15
143.1 12.4654 2152.64 3.49614 4358.9
143.2 12.4303 2153.89 3.48859 4357.64
143.3 12.3952 2155.14 3.48102 4356.39
143.4 12.3601 2156.38 3.47344 4355.15
143.5 12.325 2157.63 3.46584 4353.91
143.6 12.29 2158.87 3.45823 4352.66
143.7 12.255 2160.11 3.45061 4351.43
143.8 12.2199 2161.34 3.44297 4350.19
143.9 12.1849 2162.57 3.43531 4348.96
144 12.1499 2163.8 3.42764 4347.73
144.1 12.1149 2165.03 3.41996 4346.51
144.2 12.0799 2166.25 3.41227 4345.28
144.3 12.0449 2167.47 3.40455 4344.06
144.4 12.01 2168.69 3.39683 4342.85
144.5 11.975 2169.9 3.38909 4341.63
144.6 11.9401 2171.11 3.38134 4340.42
144.7 11.9051 2172.32 3.37357 4339.21
144.8 11.8702 2173.52 3.36579 4338.01
144.9 11.8353 2174.72 3.35799 4336.81
145 11.8004 2175.92 3.35018 4335.61
145.1 11.7655 2177.12 3.34236 4334.41
145.2 11.7306 2178.31 3.33452 4333.22
145.3 11.6957 2179.5 3.32667 4332.03
145.4 11.6609 2180.69 3.3188 4330.84
145.5 11.626 2181.87 3.31092 4329.66
145.6 11.5912 2183.05 3.30303 4328.48
145.7 11.5563 2184.23 3.29512 4327.3
145.8 11.5215 2185.41 3.2872 4326.12
145.9 11.4867 2186.58 3.27927 4324.95
146 11.4519 2187.75 3.27132 4323.78
146.1 11.4171 2188.91 3.26336 4322.62
146.2 11.3823 2190.08 3.25538 4321.45
146.3 11.3475 2191.24 3.24739 4320.29
146.4 11.3128 2192.39 3.23939 4319.14
146.5 11.278 2193.55 3.23137 4317.98
146.6 11.2433 2194.7 3.22334 4316.83
146.7 11.2085 2195.85 3.2153 4315.69
146.8 11.1738 2196.99 3.20724 4314.54
146.9 11.1391 2198.13 3.19917 4313.4
147 11.1044 2199.27 3.19108 4312.26
147.1 11.0697 2200.41 3.18298 4311.13
147.2 11.035 2201.54 3.17487 4309.99
147.3 11.0003 2202.67 3.16675 4308.86
147.4 10.9657 2203.8 3.15861 4307.74
147.5 10.931 2204.92 3.15046 4306.61
147.6 10.8964 2206.04 3.14229 4305.49
147.7 10.8617 2207.16 3.13411 4304.38
147.8 10.8271 2208.27 3.12592 4303.26
147.9 10.7925 2209.38 3.11772 4302.15
148 10.7579 2210.49 3.1095 4301.04
148.1 10.7233 2211.59 3.10127 4299.94
148.2 10.6887 2212.7 3.09302 4298.84
148.3 10.6541 2213.79 3.08477 4297.74
148.4 10.6195 2214.89 3.07649 4296.64
148.5 10.585 2215.98 3.06821 4295.55
148.6 10.5504 2217.07 3.05991 4294.46
148.7 10.5159 2218.16 3.0516 4293.37
148.8 10.4813 2219.24 3.04328 4292.29
148.9 10.4468 2220.32 3.03495 4291.21
149 10.4123 2221.4 3.0266 4290.13
149.1 10.3778 2222.47 3.01824 4289.06
149.2 10.3433 2223.54 3.00986 4287.99
149.3 10.3088 2224.61 3.00148 4286.92
149.4 10.2743 2225.67 2.99308 4285.86
149.5 10.2398 2226.73 2.98466 4284.8
149.6 10.2054 2227.79 2.97624 4283.74
149.7 10.1709 2228.85 2.9678 4282.68
149.8 10.1365 2229.9 2.95935 4281.63
149.9 10.102 2230.95 2.95089 4280.58
150 10.0676 2231.99 2.94241 4279.54
150.1 10.0332 2233.04 2.93392 4278.5
150.2 9.99877 2234.08 2.92542 4277.46
150.3 9.96437 2235.11 2.91691 4276.42
150.4 9.92997 2236.14 2.90838 4275.39
150.5 9.89559 2237.17 2.89984 4274.36
150.6 9.86121 2238.2 2.89129 4273.33
150.7 9.82684 2239.22 2.88273 4272.31
150.8 9.79248 2240.24 2.87415 4271.29
150.9 9.75813 2241.26 2.86556 4270.27
151 9.72379 2242.27 2.85696 4269.26
151.1 9.68946 2243.28 2.84835 4268.25
151.2 9.65513 2244.29 2.83973 4267.24
151.3 9.62081 2245.3 2.83109 4266.24
151.4 9.58651 2246.3 2.82244 4265.24
151.5 9.55221 2247.3 2.81378 4264.24
151.6 9.51791 2248.29 2.80511 4263.24
151.7 9.48363 2249.28 2.79642 4262.25
151.8 9.44935 2250.27 2.78772 4261.26
151.9 9.41509 2251.25 2.77901 4260.28
152 9.38083 2252.24 2.77029 4259.3
152.1 9.34657 2253.21 2.76156 4258.32
152.2 9.31233 2254.19 2.75281 4257.34
152.3 9.2781 2255.16 2.74406 4256.37
152.4 9.24387 2256.13 2.73529 4255.4
152.5 9.20965 2257.1 2.72651 4254.44
152.6 9.17544 2258.06 2.71771 4253.47
152.7 9.14123 2259.02 2.70891 4252.51
152.8 9.10704 2259.97 2.70009 4251.56
152.9 9.07285 2260.93 2.69127 4250.61
153 9.03867 2261.88 2.68243 4249.66
153.1 9.0045 2262.82 2.67358 4248.71
153.2 8.97034 2263.77 2.66471 4247.77
153.3 8.93618 2264.7 2.65584 4246.83
153.4 8.90203 2265.64 2.64695 4245.89
153.5 8.86789 2266.57 2.63806 4244.96
153.6 8.83376 2267.5 2.62915 4244.03
153.7 8.79963 2268.43 2.62023 4243.1
153.8 8.76551 2269.35 2.6113 4242.18
153.9 8.7314 2270.27 2.60235 4241.26
154 8.6973 2271.19 2.5934 4240.34
154.1 8.66321 2272.1 2.58444 4239.43
154.2 8.62912 2273.02 2.57546 4238.52
154.3 8.59504 2273.92 2.56647 4237.61
154.4 8.56096 2274.83 2.55747 4236.71
154.5 8.5269 2275.73 2.54846 4235.81
154.6 8.49284 2276.62 2.53944 4234.91
154.7 8.45879 2277.52 2.53041 4234.02
154.8 8.42475 2278.41 2.52137 4233.12
154.9 8.39071 2279.3 2.51231 4232.24
155 8.35668 2280.18 2.50325 4231.35
155.1 8.32266 2281.06 2.49417 4230.47
155.2 8.28865 2281.94 2.48509 4229.6
155.3 8.25464 2282.81 2.47599 4228.72
155.4 8.22064 2283.68 2.46688 4227.85
155.5 8.18664 2284.55 2.45776 4226.98
155.6 8.15266 2285.41 2.44863 4226.12
155.7 8.11868 2286.27 2.43949 4225.26
155.8 8.08471 2287.13 2.43034 4224.4
155.9 8.05074 2287.99 2.42118 4223.55
156 8.01678 2288.84 2.41201 4222.7
156.1 7.98283 2289.68 2.40282 4221.85
156.2 7.94889 2290.53 2.39363 4221
156.3 7.91495 2291.37 2.38443 4220.16
156.4 7.88102 2292.21 2.37521 4219.33
156.5 7.8471 2293.04 2.36599 4218.49
156.6 7.81318 2293.87 2.35675 4217.66
156.7 7.77927 2294.7 2.34751 4216.83
156.8 7.74537 2295.52 2.33825 4216.01
156.9 7.71147 2296.34 2.32899 4215.19
157 7.67758 2297.16 2.31971 4214.37
157.1 7.64369 2297.98 2.31042 4213.56
157.2 7.60982 2298.79 2.30113 4212.75
157.3 7.57595 2299.59 2.29182 4211.94
157.4 7.54208 2300.4 2.2825 4211.14
157.5 7.50822 2301.2 2.27318 4210.33
157.6 7.47437 2302 2.26384 4209.54
157.7 7.44053 2302.79 2.25449 4208.74
157.8 7.40669 2303.58 2.24514 4207.95
157.9 7.37286 2304.37 2.23577 4207.17
158 7.33903 2305.15 2.22639 4206.38
158.1 7.30521 2305.93 2.21701 4205.6
158.2 7.2714 2306.71 2.20761 4204.82
158.3 7.23759 2307.48 2.19821 4204.05
158.4 7.20379 2308.25 2.18879 4203.28
158.5 7.17 2309.02 2.17937 4202.51
158.6 7.13621 2309.78 2.16993 4201.75
158.7 7.10243 2310.54 2.16049 4200.99
158.8 7.06865 2311.3 2.15104 4200.23
158.9 7.03488 2312.05 2.14157 4199.48
159.001 7.00112 2312.8 2.1321 4198.73
159.101 6.96736 2313.55 2.12262 4197.98
159.201 6.93361 2314.29 2.11313 4197.24
159.301 6.89987 2315.03 2.10363 4196.5
159.401 6.86613 2315.77 2.09412 4195.77
159.501 6.83239 2316.5 2.0846 4195.03
159.601 6.79866 2317.23 2.07507 4194.3
159.701 6.76494 2317.96 2.06553 4193.58
159.801 6.73123 2318.68 2.05598 4192.85
159.901 6.69752 2319.4 2.04643 4192.14
160.001 6.66381 2320.11 2.03686 4191.42
160.101 6.63011 2320.83 2.02729 4190.71
160.201 6.59642 2321.53 2.01771 4190
160.301 6.56273 2322.24 2.00812 4189.29
160.401 6.52905 2322.94 1.99852 4188.59
160.501 6.49537 2323.64 1.98891 4187.89
160.601 6.4617 2324.34 1.97929 4187.2
160.701 6.42804 2325.03 1.96966 4186.51
160.801 6.39438 2325.72 1.96002 4185.82
160.901 6.36072 2326.4 1.95038 4185.13
161.001 6.32707 2327.08 1.94073 4184.45
161.101 6.29343 2327.76 1.93106 4183.77
161.201 6.25979 2328.43 1.92139 4183.1
161.301 6.22616 2329.11 1.91172 4182.43
161.401 6.19253 2329.77 1.90203 4181.76
161.501 6.15891 2330.44 1.89233 4181.1
161.601 6.12529 2331.1 1.88263 4180.43
161.701 6.09168 2331.76 1.87291 4179.78
161.801 6.05808 2332.41 1.86319 4179.12
161.901 6.02448 2333.06 1.85346 4178.47
162.001 5.99088 2333.71 1.84373 4177.83
162.101 5.95729 2334.35 1.83398 4177.18
162.201 5.9237 2334.99 1.82423 4176.54
162.301 5.89012 2335.63 1.81446 4175.91
162.401 5.85655 2336.26 1.80469 4175.27
162.501 5.82298 2336.89 1.79492 4174.64
162.601 5.78941 2337.51 1.78513 4174.02
162.701 5.75585 2338.14 1.77534 4173.4
162.801 5.7223 2338.76 1.76553 4172.78
162.901 5.68875 2339.37 1.75572 4172.16
163.001 5.6552 2339.98 1.74591 4171.55
163.101 5.62166 2340.59 1.73608 4170.94
163.201 5.58812 2341.2 1.72625 4170.33
163.301 5.55459 2341.8 1.71641 4169.73
163.401 5.52107 2342.4 1.70656 4169.14
163.501 5.48754 2342.99 1.6967 4168.54
163.601 5.45403 2343.58 1.68684 4167.95
163.701 5.42052 2344.17 1.67697 4167.36
163.801 5.38701 2344.76 1.66709 4166.78
163.901 5.3535 2345.34 1.6572 4166.2
164.001 5.32001 2345.91 1.64731 4165.62
164.101 5.28651 2346.49 1.6374 4165.05
164.201 5.25302 2347.06 1.6275 4164.48
164.301 5.21954 2347.62 1.61758 4163.91
164.401 5.18606 2348.19 1.60766 4163.35
164.501 5.15258 2348.75 1.59773 4162.79
164.601 5.11911 2349.3 1.58779 4162.23
164.701 5.08564 2349.86 1.57784 4161.68
164.801 5.05218 2350.4 1.56789 4161.13
164.901 5.01872 2350.95 1.55793 4160.58
165.001 4.98527 2351.49 1.54797 4160.04
165.101 4.95182 2352.03 1.538 4159.5
165.201 4.91837 2352.57 1.52802 4158.97
165.301 4.88493 2353.1 1.51803 4158.44
165.401 4.85149 2353.62 1.50804 4157.91
165.501 4.81806 2354.15 1.49804 4157.38
165.601 4.78463 2354.67 1.48803 4156.86
165.701 4.75121 2355.19 1.47802 4156.34
165.801 4.71779 2355.7 1.468 4155.83
165.901 4.68437 2356.21 1.45797 4155.32
166.001 4.65096 2356.72 1.44794 4154.81
166.101 4.61755 2357.22 1.4379 4154.31
166.201 4.58414 2357.72 1.42785 4153.81
166.301 4.55074 2358.22 1.4178 4153.31
166.401 4.51735 2358.71 1.40774 4152.82
166.501 4.48395 2359.2 1.39767 4152.33
166.601 4.45056 2359.69 1.3876 4151.85
166.701 4.41718 2360.17 1.37753 4151.37
166.801 4.3838 2360.65 1.36744 4150.89
166.901 4.35042 2361.12 1.35735 4150.41
167.001 4.31704 2361.59 1.34725 4149.94
167.101 4.28367 2362.06 1.33715 4149.47
167.201 4.25031 2362.52 1.32704 4149.01
167.301 4.21694 2362.99 1.31693 4148.55
167.401 4.18359 2363.44 1.30681 4148.09
167.501 4.15023 2363.9 1.29668 4147.64
167.601 4.11688 2364.35 1.28655 4147.19
167.701 4.08353 2364.79 1.27641 4146.74
167.801 4.05018 2365.24 1.26627 4146.3
167.901 4.01684 2365.67 1.25612 4145.86
168.001 3.9835 2366.11 1.24597 4145.42
168.101 3.95017 2366.54 1.23581 4144.99
168.201 3.91684 2366.97 1.22564 4144.56
168.301 3.88351 2367.4 1.21547 4144.14
168.401 3.85018 2367.82 1.20529 4143.71
168.501 3.81686 2368.24 1.19511 4143.3
168.601 3.78354 2368.65 1.18492 4142.88
168.701 3.75023 2369.06 1.17473 4142.47
168.801 3.71691 2369.47 1.16453 4142.06
168.901 3.68361 2369.87 1.15432 4141.66
169.001 3.6503 2370.27 1.14411 4141.26
169.101 3.617 2370.67 1.1339 4140.86
169.201 3.5837 2371.06 1.12368 4140.47
169.301 3.5504 2371.45 1.11346 4140.08
169.401 3.51711 2371.84 1.10323 4139.7
169.501 3.48382 2372.22 1.09299 4139.31
169.601 3.45053 2372.6 1.08275 4138.93
169.701 3.41725 2372.97 1.07251 4138.56
169.801 3.38396 2373.34 1.06226 4138.19
169.901 3.35068 2373.71 1.052 4137.82
170.001 3.31741 2374.08 1.04175 4137.46
170.101 3.28414 2374.44 1.03148 4137.1
170.201 3.25087 2374.79 1.02121 4136.74
170.301 3.2176 2375.15 1.01094 4136.38
170.401 3.18433 2375.5 1.00066 4136.03
170.501 3.15107 2375.84 0.990382 4135.69
170.601 3.11781 2376.19 0.980096 4135.35
170.701 3.08456 2376.53 0.969805 4135.01
170.801 3.0513 2376.86 0.959509 4134.67
170.901 3.01805 2377.19 0.94921 4134.34
171.001 2.9848 2377.52 0.938906 4134.01
171.101 2.95156 2377.85 0.928598 4133.69
171.201 2.91831 2378.17 0.918285 4133.36
171.301 2.88507 2378.49 0.907969 4133.05
171.401 2.85183 2378.8 0.897648 4132.73
171.501 2.8186 2379.11 0.887323 4132.42
171.601 2.78536 2379.42 0.876995 4132.12
171.701 2.75213 2379.72 0.866662 4131.81
171.801 2.7189 2380.02 0.856325 4131.51
171.901 2.68568 2380.31 0.845985 4131.22
172.001 2.65245 2380.61 0.83564 4130.93
172.101 2.61923 2380.9 0.825292 4130.64
172.201 2.58601 2381.18 0.81494 4130.35
172.301 2.55279 2381.46 0.804584 4130.07
172.401 2.51957 2381.74 0.794225 4129.79
172.501 2.48636 2382.01 0.783862 4129.52
172.601 2.45315 2382.29 0.773496 4129.25
172.701 2.41994 2382.55 0.763126 4128.98
172.801 2.38673 2382.82 0.752752 4128.72
172.901 2.35353 2383.08 0.742375 4128.46
173.001 2.32033 2383.33 0.731995 4128.2
173.101 2.28712 2383.58 0.721612 4127.95
173.201 2.25393 2383.83 0.711225 4127.7
173.301 2.22073 2384.08 0.700835 4127.45
173.401 2.18753 2384.32 0.690441 4127.21
173.501 2.15434 2384.56 0.680045 4126.97
173.601 2.12115 2384.79 0.669646 4126.74
173.701 2.08796 2385.02 0.659243 4126.51
173.801 2.05477 2385.25 0.648837 4126.28
173.901 2.02158 2385.47 0.638429 4126.06
174.001 1.9884 2385.69 0.628018 4125.84
174.101 1.95522 2385.91 0.617603 4125.62
174.201 1.92203 2386.12 0.607186 4125.41
174.301 1.88885 2386.33 0.596766 4125.2
174.401 1.85568 2386.54 0.586344 4124.99
174.501 1.8225 2386.74 0.575919 4124.79
174.601 1.78933 2386.94 0.565491 4124.59
174.701 1.75615 2387.13 0.55506 4124.4
174.801 1.72298 2387.32 0.544628 4124.21
174.901 1.68981 2387.51 0.534192 4124.02
175.001 1.65664 2387.7 0.523754 4123.84
175.101 1.62347 2387.88 0.513314 4123.66
175.201 1.59031 2388.05 0.502872 4123.48
175.301 1.55714 2388.22 0.492427 4123.31
175.402 1.52398 2388.39 0.48198 4123.14
175.502 1.49082 2388.56 0.47153 4122.97
175.602 1.45766 2388.72 0.461079 4122.81
175.702 1.4245 2388.88 0.450625 4122.65
175.802 1.39134 2389.03 0.44017 4122.5
175.902 1.35818 2389.19 0.429712 4122.35
176.002 1.32502 2389.33 0.419253 4122.2
176.102 1.29187 2389.48 0.408791 4122.06
176.202 1.25872 2389.62 0.398328 4121.92
176.302 1.22556 2389.75 0.387863 4121.78
176.402 1.19241 2389.89 0.377396 4121.65
176.502 1.15926 2390.02 0.366927 4121.52
176.602 1.12611 2390.14 0.356457 4121.39
176.702 1.09296 2390.26 0.345985 4121.27
176.802 1.05981 2390.38 0.335511 4121.15
176.902 1.02667 2390.5 0.325036 4121.04
177.002 0.993522 2390.61 0.31456 4120.93
177.102 0.960377 2390.71 0.304082 4120.82
177.202 0.927232 2390.82 0.293603 4120.71
177.302 0.894089 2390.92 0.283122 4120.61
177.402 0.860946 2391.01 0.27264 4120.52
177.502 0.827804 2391.11 0.262157 4120.43
177.602 0.794663 2391.2 0.251672 4120.34
177.702 0.761522 2391.28 0.241187 4120.25
177.802 0.728382 2391.36 0.2307 4120.17
177.902 0.695243 2391.44 0.220213 4120.09
178.002 0.662104 2391.52 0.209724 4120.02
178.102 0.628966 2391.59 0.199234 4119.94
178.202 0.595828 2391.65 0.188744 4119.88
178.302 0.562691 2391.72 0.178252 4119.81
178.402 0.529554 2391.78 0.16776 4119.75
178.502 0.496418 2391.84 0.157267 4119.7
178.602 0.463282 2391.89 0.146773 4119.64
178.702 0.430146 2391.94 0.136279 4119.6
178.802 0.397011 2391.98 0.125784 4119.55
178.902 0.363877 2392.02 0.115288 4119.51
179.002 0.330742 2392.06 0.104792 4119.47
179.102 0.297608 2392.1 0.0942955 4119.44
179.202 0.264474 2392.13 0.0837985 4119.4
179.302 0.23134 2392.16 0.0733011 4119.38
179.402 0.198207 2392.18 0.0628034 4119.35
179.502 0.165074 2392.2 0.0523053 4119.33
179.602 0.13194 2392.22 0.0418071 4119.32
179.702 0.0988074 2392.23 0.0313086 4119.3
179.802 0.0656744 2392.24 0.02081 4119.3
179.902 0.0325415 2392.24 0.0103113 4119.29
