0 1.97123 0 0 6512.91
0.1 89.9246 0.00182457 0.00798417 6512.91
0.2 89.8491 0.00729828 0.0159683 6512.91
0.3 89.7737 0.0164211 0.0239524 6512.9
0.4 89.6983 0.0291931 0.0319365 6512.88
0.5 89.6228 0.045614 0.0399205 6512.87
0.6 89.5474 0.065684 0.0479045 6512.85
0.7 89.472 0.089403 0.0558883 6512.82
0.8 89.3965 0.116771 0.063872 6512.8
0.9 89.3211 0.147787 0.0718556 6512.76
1 89.2457 0.182453 0.0798391 6512.73
1.1 89.1703 0.220767 0.0878224 6512.69
1.2 89.0948 0.262729 0.0958055 6512.65
1.3 89.0194 0.30834 0.103788 6512.6
1.4 88.944 0.357599 0.111771 6512.55
1.5 88.8686 0.410506 0.119754 6512.5
1.6 88.7932 0.46706 0.127736 6512.45
1.7 88.7178 0.527263 0.135718 6512.39
1.8 88.6423 0.591113 0.1437 6512.32
1.9 88.5669 0.658611 0.151681 6512.25
2 88.4915 0.729755 0.159662 6512.18
2.1 88.4161 0.804547 0.167643 6512.11
2.2 88.3407 0.882985 0.175624 6512.03
2.3 88.2653 0.965069 0.183604 6511.95
2.4 88.1899 1.0508 0.191584 6511.86
2.5 88.1146 1.14018 0.199563 6511.77
2.6 88.0392 1.2332 0.207542 6511.68
2.7 87.9638 1.32987 0.215521 6511.58
2.8 87.8884 1.43018 0.223499 6511.48
2.9 87.813 1.53414 0.231476 6511.38
3 87.7377 1.64174 0.239454 6511.27
3.1 87.6623 1.75299 0.247431 6511.16
3.2 87.5869 1.86788 0.255407 6511.04
3.3 87.5116 1.98641 0.263383 6510.93
3.4 87.4362 2.10859 0.271358 6510.8
3.5 87.3609 2.23441 0.279333 6510.68
3.6 87.2855 2.36387 0.287307 6510.55
3.7 87.2102 2.49697 0.29528 6510.42
3.8 87.1349 2.63372 0.303253 6510.28
3.9 87.0596 2.7741 0.311226 6510.14
4 86.9842 2.91813 0.319198 6509.99
4.1 86.9089 3.0658 0.327169 6509.85
4.2 86.8336 3.2171 0.335139 6509.7
4.3 86.7583 3.37205 0.343109 6509.54
4.4 86.683 3.53063 0.351078 6509.38
4.5 86.6077 3.69286 0.359047 6509.22
4.6 86.5325 3.85872 0.367015 6509.05
4.7 86.4572 4.02822 0.374982 6508.88
4.8 86.3819 4.20135 0.382948 6508.71
4.9 86.3066 4.37813 0.390913 6508.53
5 86.2314 4.55853 0.398878 6508.35
5.1 86.1561 4.74258 0.406842 6508.17
5.2 86.0809 4.93025 0.414805 6507.98
5.3 86.0057 5.12157 0.422768 6507.79
5.4 85.9305 5.31651 0.430729 6507.6
5.5 85.8552 5.51509 0.43869 6507.4
5.6 85.78 5.7173 0.446649 6507.2
5.7 85.7048 5.92314 0.454608 6506.99
5.8 85.6296 6.13262 0.462566 6506.78
5.9 85.5545 6.34572 0.470523 6506.57
6 85.4793 6.56246 0.478479 6506.35
6.1 85.4041 6.78282 0.486435 6506.13
6.2 85.329 7.00681 0.494389 6505.91
6.3 85.2538 7.23443 0.502342 6505.68
6.4 85.1787 7.46567 0.510294 6505.45
6.5 85.1035 7.70055 0.518245 6505.21
6.6 85.0284 7.93905 0.526196 6504.97
6.7 84.9533 8.18117 0.534145 6504.73
6.8 84.8782 8.42692 0.542093 6504.49
6.9 84.8031 8.67629 0.55004 6504.24
7 84.728 8.92928 0.557986 6503.98
7.1 84.653 9.1859 0.56593 6503.73
7.2 84.5779 9.44613 0.573874 6503.47
7.3 84.5029 9.70999 0.581816 6503.2
7.4 84.4278 9.97747 0.589758 6502.94
7.5 84.3528 10.2486 0.597698 6502.66
7.6 84.2778 10.5233 0.605637 6502.39
7.7 84.2028 10.8016 0.613575 6502.11
7.79999 84.1278 11.0836 0.621511 6501.83
7.89999 84.0528 11.3691 0.629447 6501.54
7.99999 83.9778 11.6583 0.637381 6501.25
8.09999 83.9028 11.9511 0.645313 6500.96
8.2 83.8279 12.2475 0.653245 6500.67
8.3 83.753 12.5475 0.661175 6500.37
8.4 83.678 12.8511 0.669104 6500.06
8.5 83.6031 13.1584 0.677032 6499.75
8.6 83.5282 13.4692 0.684958 6499.44
8.7 83.4533 13.7837 0.692883 6499.13
8.8 83.3784 14.1017 0.700806 6498.81
8.9 83.3036 14.4234 0.708729 6498.49
9 83.2287 14.7487 0.716649 6498.16
9.1 83.1539 15.0775 0.724568 6497.83
9.2 83.0791 15.41 0.732486 6497.5
9.3 83.0043 15.7461 0.740403 6497.17
9.4 82.9295 16.0858 0.748318 6496.83
9.5 82.8547 16.4291 0.756231 6496.48
9.6 82.7799 16.776 0.764143 6496.14
9.7 82.7051 17.1264 0.772053 6495.79
9.8 82.6304 17.4805 0.779962 6495.43
9.9 82.5557 17.8382 0.787869 6495.07
10 82.4809 18.1995 0.795775 6494.71
10.1 82.4062 18.5643 0.803679 6494.35
10.2 82.3316 18.9328 0.811582 6493.98
10.3 82.2569 19.3048 0.819482 6493.61
10.4 82.1822 19.6805 0.827382 6493.23
10.5 82.1076 20.0597 0.835279 6492.85
10.6 82.033 20.4425 0.843175 6492.47
10.7 81.9583 20.8289 0.851069 6492.08
10.8 81.8837 21.2189 0.858962 6491.69
10.9 81.8092 21.6125 0.866853 6491.3
11 81.7346 22.0096 0.874742 6490.9
11.1 81.66 22.4104 0.882629 6490.5
11.2 81.5855 22.8147 0.890515 6490.1
11.3 81.511 23.2226 0.898399 6489.69
11.4 81.4365 23.6341 0.906281 6489.28
11.5 81.362 24.0491 0.914161 6488.86
11.6 81.2875 24.4677 0.922039 6488.44
11.7 81.2131 24.8899 0.929916 6488.02
11.8 81.1386 25.3157 0.93779 6487.6
11.9 81.0642 25.7451 0.945663 6487.17
12 80.9898 26.178 0.953534 6486.73
12.1 80.9154 26.6145 0.961403 6486.3
12.2 80.841 27.0545 0.96927 6485.86
12.3 80.7667 27.4982 0.977135 6485.41
12.4 80.6924 27.9454 0.984998 6484.97
12.5 80.618 28.3961 0.99286 6484.52
12.6 80.5437 28.8504 1.00072 6484.06
12.7 80.4695 29.3083 1.00858 6483.6
12.8 80.3952 29.7697 1.01643 6483.14
12.9 80.3209 30.2347 1.02428 6482.68
13 80.2467 30.7033 1.03214 6482.21
13.1 80.1725 31.1754 1.03998 6481.74
13.2 80.0983 31.6511 1.04783 6481.26
13.3 80.0241 32.1303 1.05568 6480.78
13.4 79.95 32.613 1.06352 6480.3
13.5 79.8758 33.0994 1.07136 6479.81
13.6 79.8017 33.5892 1.0792 6479.32
13.7 79.7276 34.0826 1.08703 6478.83
13.8 79.6536 34.5796 1.09487 6478.33
13.9 79.5795 35.0801 1.1027 6477.83
14 79.5055 35.5841 1.11053 6477.33
14.1 79.4314 36.0917 1.11836 6476.82
14.2 79.3574 36.6029 1.12618 6476.31
14.3 79.2835 37.1175 1.13401 6475.8
14.4 79.2095 37.6357 1.14183 6475.28
14.5 79.1355 38.1574 1.14965 6474.76
14.6 79.0616 38.6827 1.15746 6474.23
14.7 78.9877 39.2115 1.16528 6473.7
14.8 78.9138 39.7438 1.17309 6473.17
14.9 78.84 40.2797 1.1809 6472.63
15 78.7661 40.8191 1.1887 6472.09
15.1 78.6923 41.362 1.19651 6471.55
15.2 78.6185 41.9084 1.20431 6471
15.3 78.5448 42.4583 1.21211 6470.45
15.4 78.471 43.0118 1.21991 6469.9
15.5 78.3973 43.5688 1.2277 6469.34
15.6 78.3236 44.1293 1.23549 6468.78
15.7 78.2499 44.6933 1.24328 6468.22
15.8 78.1762 45.2609 1.25107 6467.65
15.9 78.1026 45.8319 1.25885 6467.08
16 78.0289 46.4065 1.26664 6466.51
16.1 77.9553 46.9845 1.27441 6465.93
16.2 77.8817 47.5661 1.28219 6465.35
16.3 77.8082 48.1512 1.28997 6464.76
16.4 77.7346 48.7397 1.29774 6464.17
16.5 77.6611 49.3318 1.30551 6463.58
16.6 77.5876 49.9274 1.31327 6462.99
16.7 77.5142 50.5265 1.32104 6462.39
16.8 77.4407 51.129 1.3288 6461.78
16.9 77.3673 51.7351 1.33656 6461.18
17 77.2939 52.3446 1.34431 6460.57
17.1 77.2205 52.9577 1.35207 6459.95
17.2 77.1472 53.5742 1.35982 6459.34
17.3 77.0739 54.1942 1.36756 6458.72
17.4 77.0005 54.8177 1.37531 6458.09
17.5 76.9273 55.4447 1.38305 6457.47
17.6 76.854 56.0752 1.39079 6456.84
17.7 76.7808 56.7091 1.39853 6456.2
17.8 76.7076 57.3465 1.40626 6455.57
17.9 76.6344 57.9874 1.41399 6454.93
18 76.5612 58.6318 1.42172 6454.28
18.1 76.4881 59.2796 1.42945 6453.63
18.2 76.415 59.9309 1.43717 6452.98
18.3 76.3419 60.5857 1.44489 6452.33
18.4 76.2688 61.2439 1.4526 6451.67
18.5 76.1958 61.9056 1.46032 6451.01
18.6 76.1228 62.5707 1.46803 6450.34
18.7 76.0498 63.2394 1.47574 6449.67
18.8 75.9768 63.9114 1.48344 6449
18.9 75.9039 64.587 1.49114 6448.33
19 75.831 65.2659 1.49884 6447.65
19.1 75.7581 65.9484 1.50654 6446.96
19.2 75.6852 66.6342 1.51423 6446.28
19.3 75.6124 67.3236 1.52192 6445.59
19.4 75.5396 68.0163 1.5296 6444.9
19.5 75.4668 68.7125 1.53729 6444.2
19.6 75.394 69.4122 1.54497 6443.5
19.7 75.3213 70.1153 1.55265 6442.8
19.8 75.2486 70.8218 1.56032 6442.09
19.9 75.1759 71.5318 1.56799 6441.38
20 75.1033 72.2451 1.57566 6440.67
20.1 75.0306 72.962 1.58332 6439.95
20.2 74.958 73.6822 1.59098 6439.23
20.3 74.8855 74.4059 1.59864 6438.51
20.4 74.8129 75.133 1.6063 6437.78
20.5 74.7404 75.8635 1.61395 6437.05
20.6 74.6679 76.5974 1.62159 6436.32
20.7 74.5955 77.3347 1.62924 6435.58
20.8 74.523 78.0755 1.63688 6434.84
20.9 74.4506 78.8197 1.64452 6434.09
21 74.3782 79.5673 1.65215 6433.35
21.1 74.3059 80.3182 1.65979 6432.59
21.2 74.2336 81.0726 1.66741 6431.84
21.3 74.1613 81.8304 1.67504 6431.08
21.4 74.089 82.5916 1.68266 6430.32
21.5 74.0168 83.3562 1.69028 6429.56
21.6 73.9445 84.1242 1.69789 6428.79
21.7 73.8724 84.8956 1.7055 6428.02
21.8 73.8002 85.6703 1.71311 6427.24
21.9 73.7281 86.4485 1.72071 6426.46
22 73.656 87.23 1.72832 6425.68
22.1 73.5839 88.015 1.73591 6424.9
22.2 73.5119 88.8033 1.74351 6424.11
22.3 73.4398 89.595 1.7511 6423.32
22.4 73.3679 90.39 1.75868 6422.52
22.5 73.2959 91.1885 1.76626 6421.72
22.6 73.224 91.9903 1.77384 6420.92
22.7001 73.1521 92.7954 1.78142 6420.12
22.8001 73.0802 93.604 1.78899 6419.31
22.9001 73.0084 94.4159 1.79656 6418.5
23.0001 72.9366 95.2312 1.80412 6417.68
23.1001 72.8648 96.0498 1.81169 6416.86
23.2001 72.7931 96.8718 1.81924 6416.04
23.3001 72.7213 97.6971 1.8268 6415.22
23.4001 72.6497 98.5258 1.83435 6414.39
23.5001 72.578 99.3578 1.84189 6413.55
23.6001 72.5064 100.193 1.84943 6412.72
23.7001 72.4348 101.032 1.85697 6411.88
23.8001 72.3632 101.874 1.86451 6411.04
23.9001 72.2917 102.719 1.87204 6410.19
24.0001 72.2202 103.568 1.87956 6409.34
24.1001 72.1487 104.42 1.88709 6408.49
24.2001 72.0772 105.276 1.89461 6407.64
24.3001 72.0058 106.134 1.90212 6406.78
24.4001 71.9344 106.996 1.90963 6405.92
24.5001 71.8631 107.862 1.91714 6405.05
24.6001 71.7918 108.731 1.92464 6404.18
24.7001 71.7205 109.603 1.93214 6403.31
24.8001 71.6492 110.478 1.93964 6402.43
24.9001 71.578 111.357 1.94713 6401.56
25.0001 71.5068 112.239 1.95462 6400.67
25.1001 71.4357 113.124 1.9621 6399.79
25.2001 71.3645 114.012 1.96958 6398.9
25.3001 71.2934 114.904 1.97706 6398.01
25.4001 71.2224 115.799 1.98453 6397.11
25.5001 71.1513 116.698 1.992 6396.21
25.6001 71.0803 117.6 1.99946 6395.31
25.7001 71.0093 118.505 2.00692 6394.41
25.8001 70.9384 119.413 2.01438 6393.5
25.9001 70.8675 120.325 2.02183 6392.59
26.0001 70.7966 121.24 2.02927 6391.67
26.1001 70.7258 122.158 2.03672 6390.75
26.2001 70.655 123.079 2.04415 6389.83
26.3001 70.5842 124.004 2.05159 6388.91
26.4001 70.5135 124.932 2.05902 6387.98
26.5001 70.4427 125.863 2.06644 6387.05
26.6001 70.3721 126.798 2.07387 6386.11
26.7001 70.3014 127.736 2.08128 6385.18
26.8001 70.2308 128.677 2.0887 6384.24
26.9001 70.1602 129.621 2.09611 6383.29
27.0001 70.0897 130.569 2.10351 6382.34
27.1001 70.0192 131.52 2.11091 6381.39
27.2001 69.9487 132.474 2.11831 6380.44
27.3001 69.8782 133.431 2.1257 6379.48
27.4001 69.8078 134.392 2.13308 6378.52
27.5001 69.7375 135.355 2.14047 6377.56
27.6001 69.6671 136.322 2.14784 6376.59
27.7001 69.5968 137.293 2.15522 6375.62
27.8001 69.5265 138.266 2.16259 6374.65
27.9001 69.4563 139.243 2.16995 6373.67
28.0001 69.3861 140.223 2.17731 6372.69
28.1001 69.3159 141.206 2.18467 6371.71
28.2001 69.2458 142.193 2.19202 6370.72
28.3001 69.1757 143.182 2.19936 6369.73
28.4001 69.1056 144.175 2.20671 6368.74
28.5001 69.0355 145.171 2.21404 6367.74
28.6001 68.9655 146.17 2.22138 6366.74
28.7001 68.8956 147.173 2.2287 6365.74
28.8001 68.8256 148.178 2.23603 6364.73
28.9001 68.7557 149.187 2.24335 6363.73
29.0001 68.6859 150.199 2.25066 6362.71
29.1001 68.6161 151.215 2.25797 6361.7
29.2001 68.5463 152.233 2.26528 6360.68
29.3001 68.4765 153.255 2.27258 6359.66
29.4001 68.4068 154.279 2.27987 6358.63
29.5001 68.3371 155.307 2.28716 6357.61
29.6001 68.2674 156.339 2.29445 6356.57
29.7001 68.1978 157.373 2.30173 6355.54
29.8001 68.1282 158.41 2.30901 6354.5
29.9001 68.0587 159.451 2.31628 6353.46
30.0001 67.9892 160.495 2.32354 6352.42
30.1001 67.9197 161.542 2.33081 6351.37
30.2001 67.8503 162.592 2.33806 6350.32
30.3001 67.7809 163.645 2.34532 6349.27
30.4001 67.7115 164.702 2.35256 6348.21
30.5001 67.6422 165.761 2.35981 6347.15
30.6001 67.5729 166.824 2.36704 6346.09
30.7001 67.5036 167.89 2.37428 6345.02
30.8001 67.4344 168.959 2.3815 6343.95
30.9001 67.3652 170.031 2.38873 6342.88
31.0001 67.296 171.106 2.39594 6341.81
31.1001 67.2269 172.185 2.40316 6340.73
31.2001 67.1579 173.266 2.41036 6339.65
31.3001 67.0888 174.351 2.41757 6338.56
31.4001 67.0198 175.439 2.42476 6337.47
31.5001 66.9508 176.53 2.43196 6336.38
31.6001 66.8819 177.624 2.43914 6335.29
31.7001 66.813 178.721 2.44633 6334.19
31.8001 66.7442 179.821 2.4535 6333.09
31.9001 66.6753 180.924 2.46067 6331.99
32.0001 66.6065 182.031 2.46784 6330.88
32.1001 66.5378 183.14 2.475 6329.77
32.2001 66.4691 184.253 2.48216 6328.66
32.3001 66.4004 185.369 2.48931 6327.54
32.4001 66.3318 186.487 2.49646 6326.43
32.5001 66.2632 187.609 2.5036 6325.3
32.6001 66.1946 188.734 2.51073 6324.18
32.7001 66.1261 189.862 2.51786 6323.05
32.8001 66.0576 190.993 2.52499 6321.92
32.9001 65.9892 192.127 2.53211 6320.79
33.0001 65.9208 193.264 2.53922 6319.65
33.1001 65.8524 194.405 2.54633 6318.51
33.2001 65.784 195.548 2.55343 6317.36
33.3001 65.7157 196.694 2.56053 6316.22
33.4001 65.6475 197.844 2.56762 6315.07
33.5001 65.5793 198.996 2.57471 6313.92
33.6001 65.5111 200.152 2.58179 6312.76
33.7001 65.4429 201.31 2.58887 6311.6
33.8001 65.3748 202.472 2.59594 6310.44
33.9001 65.3068 203.636 2.603 6309.28
34.0001 65.2387 204.804 2.61006 6308.11
34.1001 65.1707 205.975 2.61712 6306.94
34.2001 65.1028 207.148 2.62417 6305.76
34.3 65.0349 208.325 2.63121 6304.59
34.4 64.967 209.505 2.63825 6303.41
34.5 64.8991 210.688 2.64528 6302.23
34.6 64.8313 211.873 2.65231 6301.04
34.7 64.7636 213.062 2.65933 6299.85
34.8 64.6958 214.254 2.66634 6298.66
34.9 64.6282 215.448 2.67335 6297.46
35 64.5605 216.646 2.68036 6296.27
35.1 64.4929 217.847 2.68735 6295.07
35.2 64.4253 219.051 2.69435 6293.86
35.3 64.3578 220.257 2.70133 6292.66
35.4 64.2903 221.467 2.70831 6291.45
35.5 64.2229 222.68 2.71529 6290.23
35.6 64.1554 223.895 2.72226 6289.02
35.7 64.0881 225.114 2.72922 6287.8
35.8 64.0207 226.335 2.73618 6286.58
35.9 63.9534 227.56 2.74313 6285.35
36 63.8862 228.787 2.75008 6284.13
36.1 63.819 230.018 2.75702 6282.89
36.2 63.7518 231.251 2.76395 6281.66
36.3 63.6846 232.487 2.77088 6280.43
36.4 63.6175 233.727 2.77781 6279.19
36.5 63.5505 234.969 2.78472 6277.94
36.6 63.4834 236.214 2.79163 6276.7
36.7 63.4165 237.462 2.79854 6275.45
36.8 63.3495 238.713 2.80544 6274.2
36.9 63.2826 239.967 2.81233 6272.95
37 63.2158 241.223 2.81922 6271.69
37.1 63.1489 242.483 2.8261 6270.43
37.2 63.0821 243.746 2.83297 6269.17
37.3 63.0154 245.011 2.83984 6267.9
37.4 62.9487 246.28 2.8467 6266.63
37.5 62.882 247.551 2.85356 6265.36
37.6 62.8154 248.825 2.86041 6264.09
37.7 62.7488 250.102 2.86726 6262.81
37.8 62.6823 251.382 2.8741 6261.53
37.9 62.6158 252.665 2.88093 6260.25
38 62.5493 253.951 2.88775 6258.96
38.1 62.4829 255.24 2.89457 6257.67
38.2 62.4165 256.531 2.90139 6256.38
38.3 62.3502 257.826 2.90819 6255.09
38.4 62.2838 259.123 2.915 6253.79
38.5 62.2176 260.423 2.92179 6252.49
38.6 62.1514 261.726 2.92858 6251.19
38.7 62.0852 263.032 2.93536 6249.88
38.8 62.019 264.34 2.94214 6248.57
38.9 61.9529 265.652 2.94891 6247.26
39 61.8869 266.966 2.95567 6245.95
39.1 61.8208 268.284 2.96243 6244.63
39.2 61.7549 269.604 2.96918 6243.31
39.3 61.6889 270.926 2.97592 6241.99
39.4 61.623 272.252 2.98266 6240.66
39.5 61.5572 273.581 2.98939 6239.33
39.6 61.4913 274.912 2.99611 6238
39.7 61.4256 276.246 3.00283 6236.67
39.8 61.3598 277.583 3.00955 6235.33
39.9 61.2941 278.923 3.01625 6233.99
40 61.2285 280.265 3.02295 6232.65
40.1 61.1629 281.61 3.02964 6231.3
40.2 61.0973 282.959 3.03633 6229.95
40.3 61.0318 284.309 3.04301 6228.6
40.4 60.9663 285.663 3.04968 6227.25
40.5 60.9008 287.02 3.05634 6225.89
40.6 60.8354 288.379 3.063 6224.53
40.7 60.77 289.741 3.06966 6223.17
40.7999 60.7047 291.106 3.0763 6221.81
40.8999 60.6394 292.473 3.08294 6220.44
40.9999 60.5742 293.843 3.08958 6219.07
41.0999 60.509 295.216 3.0962 6217.7
41.1999 60.4438 296.592 3.10282 6216.32
41.2999 60.3787 297.971 3.10943 6214.94
41.3999 60.3136 299.352 3.11604 6213.56
41.4999 60.2486 300.736 3.12264 6212.18
41.5999 60.1836 302.123 3.12923 6210.79
41.6999 60.1186 303.512 3.13581 6209.4
41.7999 60.0537 304.905 3.14239 6208.01
41.8999 59.9888 306.3 3.14896 6206.61
41.9999 59.924 307.697 3.15553 6205.22
42.0999 59.8592 309.098 3.16209 6203.82
42.1999 59.7945 310.501 3.16864 6202.41
42.2999 59.7298 311.906 3.17518 6201.01
42.3999 59.6651 313.315 3.18172 6199.6
42.4999 59.6005 314.726 3.18825 6198.19
42.5999 59.5359 316.14 3.19477 6196.77
42.6999 59.4714 317.556 3.20129 6195.36
42.7999 59.4069 318.976 3.2078 6193.94
42.8999 59.3424 320.397 3.2143 6192.52
42.9999 59.278 321.822 3.2208 6191.09
43.0999 59.2136 323.249 3.22728 6189.66
43.1999 59.1493 324.679 3.23376 6188.23
43.2999 59.085 326.112 3.24024 6186.8
43.3999 59.0207 327.547 3.24671 6185.37
43.4999 58.9565 328.985 3.25317 6183.93
43.5999 58.8924 330.425 3.25962 6182.49
43.6999 58.8282 331.868 3.26606 6181.04
43.7999 58.7642 333.314 3.2725 6179.6
43.8999 58.7001 334.763 3.27893 6178.15
43.9999 58.6361 336.214 3.28536 6176.7
44.0999 58.5722 337.667 3.29177 6175.25
44.1999 58.5083 339.124 3.29818 6173.79
44.2999 58.4444 340.583 3.30458 6172.33
44.3999 58.3806 342.044 3.31098 6170.87
44.4999 58.3168 343.508 3.31737 6169.4
44.5999 58.253 344.975 3.32375 6167.94
44.6999 58.1893 346.444 3.33012 6166.47
44.7999 58.1257 347.916 3.33648 6165
44.8999 58.062 349.391 3.34284 6163.52
44.9999 57.9985 350.868 3.34919 6162.04
45.0999 57.9349 352.348 3.35554 6160.56
45.1999 57.8714 353.83 3.36187 6159.08
45.2999 57.808 355.315 3.3682 6157.6
45.3999 57.7446 356.802 3.37452 6156.11
45.4999 57.6812 358.292 3.38084 6154.62
45.5999 57.6179 359.785 3.38714 6153.13
45.6999 57.5546 361.28 3.39344 6151.63
45.7999 57.4914 362.777 3.39973 6150.14
45.8999 57.4282 364.278 3.40601 6148.64
45.9999 57.365 365.78 3.41229 6147.13
46.0999 57.3019 367.285 3.41856 6145.63
46.1999 57.2389 368.793 3.42482 6144.12
46.2999 57.1758 370.304 3.43107 6142.61
46.3999 57.1128 371.816 3.43732 6141.1
46.4999 57.0499 373.332 3.44355 6139.58
46.5999 56.987 374.85 3.44979 6138.06
46.6999 56.9241 376.37 3.45601 6136.54
46.7999 56.8613 377.893 3.46222 6135.02
46.8999 56.7986 379.418 3.46843 6133.49
46.9999 56.7358 380.946 3.47463 6131.97
47.0999 56.6731 382.476 3.48082 6130.44
47.1999 56.6105 384.009 3.487 6128.9
47.2999 56.5479 385.544 3.49318 6127.37
47.3998 56.4853 387.082 3.49935 6125.83
47.4998 56.4228 388.622 3.50551 6124.29
47.5998 56.3603 390.165 3.51166 6122.75
47.6998 56.2979 391.71 3.5178 6121.2
47.7998 56.2355 393.258 3.52394 6119.65
47.8998 56.1732 394.808 3.53007 6118.1
47.9998 56.1109 396.361 3.53619 6116.55
48.0998 56.0486 397.915 3.5423 6115
48.1998 55.9864 399.473 3.54841 6113.44
48.2998 55.9242 401.033 3.55451 6111.88
48.3998 55.8621 402.595 3.5606 6110.32
48.4998 55.8 404.16 3.56668 6108.75
48.5998 55.7379 405.727 3.57275 6107.19
48.6998 55.6759 407.296 3.57881 6105.62
48.7998 55.614 408.868 3.58487 6104.04
48.8998 55.552 410.443 3.59092 6102.47
48.9998 55.4902 412.019 3.59696 6100.89
49.0998 55.4283 413.598 3.60299 6099.31
49.1998 55.3665 415.18 3.60902 6097.73
49.2998 55.3048 416.764 3.61503 6096.15
49.3998 55.2431 418.35 3.62104 6094.56
49.4998 55.1814 419.939 3.62704 6092.97
49.5998 55.1198 421.53 3.63303 6091.38
49.6998 55.0582 423.123 3.63902 6089.79
49.7998 54.9967 424.719 3.64499 6088.19
49.8998 54.9352 426.317 3.65096 6086.6
49.9998 54.8737 427.917 3.65692 6085
50.0998 54.8123 429.52 3.66287 6083.39
50.1998 54.7509 431.125 3.66881 6081.79
50.2998 54.6896 432.733 3.67475 6080.18
50.3998 54.6283 434.343 3.68067 6078.57
50.4998 54.5671 435.955 3.68659 6076.96
50.5998 54.5059 437.569 3.6925 6075.34
50.6998 54.4447 439.186 3.6984 6073.73
50.7998 54.3836 440.805 3.70429 6072.11
50.8998 54.3226 442.426 3.71017 6070.49
50.9998 54.2615 444.05 3.71605 6068.86
51.0998 54.2005 445.676 3.72192 6067.24
51.1998 54.1396 447.304 3.72777 6065.61
51.2998 54.0787 448.935 3.73362 6063.98
51.3998 54.0179 450.568 3.73947 6062.34
51.4998 53.957 452.203 3.7453 6060.71
51.5998 53.8963 453.84 3.75112 6059.07
51.6998 53.8355 455.48 3.75694 6057.43
51.7998 53.7749 457.122 3.76274 6055.79
51.8998 53.7142 458.766 3.76854 6054.15
51.9998 53.6536 460.412 3.77433 6052.5
52.0998 53.5931 462.061 3.78011 6050.85
52.1998 53.5326 463.712 3.78589 6049.2
52.2998 53.4721 465.365 3.79165 6047.55
52.3998 53.4117 467.02 3.79741 6045.89
52.4998 53.3513 468.678 3.80315 6044.23
52.5998 53.2909 470.338 3.80889 6042.57
52.6998 53.2306 472 3.81462 6040.91
52.7998 53.1704 473.664 3.82034 6039.25
52.8998 53.1102 475.331 3.82605 6037.58
52.9998 53.05 476.999 3.83175 6035.91
53.0998 52.9899 478.67 3.83745 6034.24
53.1998 52.9298 480.343 3.84313 6032.57
53.2998 52.8697 482.018 3.84881 6030.89
53.3998 52.8097 483.696 3.85448 6029.22
53.4998 52.7498 485.375 3.86013 6027.54
53.5998 52.6898 487.057 3.86578 6025.86
53.6998 52.63 488.741 3.87142 6024.17
53.7998 52.5701 490.427 3.87706 6022.49
53.8997 52.5104 492.116 3.88268 6020.8
53.9997 52.4506 493.806 3.88829 6019.11
54.0997 52.3909 495.498 3.8939 6017.41
54.1997 52.3312 497.193 3.89949 6015.72
54.2997 52.2716 498.89 3.90508 6014.02
54.3997 52.2121 500.589 3.91066 6012.32
54.4997 52.1525 502.29 3.91622 6010.62
54.5997 52.093 503.993 3.92178 6008.92
54.6997 52.0336 505.698 3.92733 6007.21
54.7997 51.9742 507.406 3.93288 6005.51
54.8997 51.9148 509.115 3.93841 6003.8
54.9997 51.8555 510.827 3.94393 6002.09
55.0997 51.7962 512.541 3.94944 6000.37
55.1997 51.737 514.256 3.95495 5998.66
55.2997 51.6778 515.974 3.96044 5996.94
55.3997 51.6186 517.694 3.96593 5995.22
55.4997 51.5595 519.416 3.97141 5993.5
55.5997 51.5005 521.14 3.97687 5991.77
55.6997 51.4414 522.867 3.98233 5990.05
55.7997 51.3825 524.595 3.98778 5988.32
55.8997 51.3235 526.325 3.99322 5986.59
55.9997 51.2646 528.057 3.99865 5984.86
56.0997 51.2058 529.792 4.00407 5983.12
56.1997 51.147 531.528 4.00948 5981.38
56.2997 51.0882 533.266 4.01489 5979.65
56.3997 51.0295 535.007 4.02028 5977.91
56.4997 50.9708 536.749 4.02566 5976.16
56.5997 50.9122 538.494 4.03104 5974.42
56.6997 50.8536 540.24 4.0364 5972.67
56.7997 50.795 541.989 4.04176 5970.92
56.8997 50.7365 543.739 4.0471 5969.17
56.9997 50.678 545.492 4.05244 5967.42
57.0997 50.6196 547.246 4.05776 5965.67
57.1997 50.5612 549.003 4.06308 5963.91
57.2997 50.5029 550.761 4.06839 5962.15
57.3997 50.4446 552.521 4.07369 5960.39
57.4997 50.3863 554.284 4.07897 5958.63
57.5997 50.3281 556.048 4.08425 5956.86
57.6997 50.2699 557.814 4.08952 5955.1
57.7997 50.2118 559.583 4.09478 5953.33
57.8997 50.1537 561.353 4.10003 5951.56
57.9997 50.0956 563.125 4.10527 5949.79
58.0997 50.0376 564.899 4.1105 5948.01
58.1997 49.9797 566.675 4.11572 5946.24
58.2997 49.9217 568.453 4.12093 5944.46
58.3997 49.8638 570.233 4.12613 5942.68
58.4997 49.806 572.014 4.13132 5940.9
58.5997 49.7482 573.798 4.13651 5939.11
58.6997 49.6905 575.583 4.14168 5937.33
58.7997 49.6327 577.371 4.14684 5935.54
58.8997 49.5751 579.16 4.15199 5933.75
58.9997 49.5174 580.951 4.15713 5931.96
59.0997 49.4599 582.744 4.16227 5930.17
59.1997 49.4023 584.539 4.16739 5928.37
59.2997 49.3448 586.336 4.1725 5926.58
59.3997 49.2874 588.135 4.1776 5924.78
59.4997 49.2299 589.935 4.1827 5922.98
59.5997 49.1726 591.738 4.18778 5921.17
59.6997 49.1152 593.542 4.19285 5919.37
59.7997 49.0579 595.348 4.19791 5917.56
59.8997 49.0007 597.156 4.20296 5915.76
59.9997 48.9435 598.966 4.20801 5913.95
60.0997 48.8863 600.777 4.21304 5912.14
60.1997 48.8292 602.591 4.21806 5910.32
60.2997 48.7721 604.406 4.22307 5908.51
60.3997 48.7151 606.223 4.22808 5906.69
60.4996 48.6581 608.042 4.23307 5904.87
60.5996 48.6011 609.862 4.23805 5903.05
60.6996 48.5442 611.685 4.24302 5901.23
60.7996 48.4873 613.509 4.24798 5899.4
60.8996 48.4305 615.335 4.25293 5897.58
60.9996 48.3737 617.163 4.25787 5895.75
61.0996 48.3169 618.992 4.2628 5893.92
61.1996 48.2602 620.823 4.26772 5892.09
61.2996 48.2036 622.656 4.27264 5890.26
61.3996 48.1469 624.491 4.27753 5888.42
61.4996 48.0903 626.328 4.28242 5886.58
61.5996 48.0338 628.166 4.2873 5884.75
61.6996 47.9773 630.006 4.29217 5882.91
61.7996 47.9208 631.848 4.29703 5881.06
61.8996 47.8644 633.691 4.30188 5879.22
61.9996 47.808 635.536 4.30672 5877.38
62.0996 47.7517 637.383 4.31154 5875.53
62.1996 47.6954 639.232 4.31636 5873.68
62.2996 47.6392 641.082 4.32117 5871.83
62.3996 47.583 642.934 4.32596 5869.98
62.4996 47.5268 644.788 4.33075 5868.12
62.5996 47.4707 646.643 4.33552 5866.27
62.6996 47.4146 648.5 4.34029 5864.41
62.7996 47.3585 650.359 4.34504 5862.55
62.8996 47.3025 652.219 4.34978 5860.69
62.9996 47.2466 654.082 4.35452 5858.83
63.0996 47.1906 655.945 4.35924 5856.97
63.1996 47.1347 657.811 4.36395 5855.1
63.2996 47.0789 659.678 4.36865 5853.23
63.3996 47.0231 661.546 4.37334 5851.37
63.4996 46.9673 663.417 4.37802 5849.5
63.5996 46.9116 665.288 4.38269 5847.62
63.6996 46.856 667.162 4.38735 5845.75
63.7996 46.8003 669.037 4.39199 5843.88
63.8996 46.7447 670.914 4.39663 5842
63.9996 46.6892 672.792 4.40126 5840.12
64.0996 46.6337 674.672 4.40587 5838.24
64.1996 46.5782 676.554 4.41047 5836.36
64.2996 46.5228 678.437 4.41507 5834.48
64.3996 46.4674 680.322 4.41965 5832.59
64.4996 46.412 682.208 4.42422 5830.7
64.5996 46.3567 684.096 4.42878 5828.82
64.6996 46.3014 685.985 4.43333 5826.93
64.7996 46.2462 687.876 4.43787 5825.04
64.8996 46.191 689.769 4.4424 5823.14
64.9996 46.1359 691.663 4.44692 5821.25
65.0996 46.0808 693.559 4.45142 5819.35
65.1996 46.0257 695.456 4.45592 5817.46
65.2996 45.9707 697.355 4.4604 5815.56
65.3996 45.9157 699.255 4.46488 5813.66
65.4996 45.8608 701.157 4.46934 5811.76
65.5996 45.8059 703.06 4.47379 5809.85
65.6996 45.751 704.965 4.47823 5807.95
65.7996 45.6962 706.871 4.48266 5806.04
65.8996 45.6414 708.779 4.48708 5804.13
65.9996 45.5867 710.688 4.49148 5802.22
66.0996 45.532 712.599 4.49588 5800.31
66.1996 45.4773 714.511 4.50026 5798.4
66.2996 45.4227 716.425 4.50464 5796.49
66.3996 45.3681 718.34 4.509 5794.57
66.4996 45.3136 720.256 4.51335 5792.66
66.5996 45.2591 722.175 4.51769 5790.74
66.6996 45.2046 724.094 4.52202 5788.82
66.7996 45.1502 726.015 4.52633 5786.9
66.8996 45.0958 727.937 4.53064 5784.98
66.9995 45.0415 729.861 4.53493 5783.05
67.0995 44.9872 731.787 4.53922 5781.13
67.1995 44.9329 733.713 4.54349 5779.2
67.2995 44.8787 735.641 4.54775 5777.27
67.3995 44.8245 737.571 4.552 5775.34
67.4995 44.7704 739.502 4.55624 5773.41
67.5995 44.7163 741.434 4.56046 5771.48
67.6995 44.6622 743.368 4.56468 5769.54
67.7995 44.6082 745.303 4.56888 5767.61
67.8995 44.5542 747.239 4.57307 5765.67
67.9995 44.5003 749.177 4.57725 5763.74
68.0995 44.4464 751.116 4.58142 5761.8
68.1995 44.3926 753.057 4.58558 5759.86
68.2995 44.3387 754.999 4.58973 5757.91
68.3995 44.285 756.942 4.59386 5755.97
68.4995 44.2312 758.887 4.59798 5754.03
68.5995 44.1775 760.833 4.60209 5752.08
68.6995 44.1239 762.78 4.60619 5750.13
68.7995 44.0702 764.729 4.61028 5748.18
68.8995 44.0167 766.679 4.61436 5746.23
68.9995 43.9631 768.63 4.61842 5744.28
69.0995 43.9096 770.582 4.62248 5742.33
69.1995 43.8562 772.536 4.62652 5740.38
69.2995 43.8027 774.491 4.63055 5738.42
69.3995 43.7493 776.448 4.63457 5736.46
69.4995 43.696 778.406 4.63857 5734.51
69.5995 43.6427 780.365 4.64257 5732.55
69.6995 43.5894 782.325 4.64655 5730.59
69.7995 43.5362 784.286 4.65052 5728.63
69.8995 43.483 786.249 4.65448 5726.66
69.9995 43.4299 788.213 4.65843 5724.7
70.0995 43.3768 790.179 4.66236 5722.73
70.1995 43.3237 792.145 4.66629 5720.77
70.2995 43.2707 794.113 4.6702 5718.8
70.3995 43.2177 796.082 4.6741 5716.83
70.4995 43.1647 798.052 4.67798 5714.86
70.5995 43.1118 800.024 4.68186 5712.89
70.6995 43.0589 801.996 4.68572 5710.92
70.7995 43.0061 803.97 4.68958 5708.94
70.8995 42.9533 805.945 4.69342 5706.97
70.9995 42.9005 807.921 4.69724 5704.99
71.0995 42.8478 809.899 4.70106 5703.01
71.1995 42.7951 811.878 4.70486 5701.03
71.2995 42.7425 813.857 4.70866 5699.06
71.3995 42.6899 815.838 4.71244 5697.07
71.4995 42.6373 817.82 4.7162 5695.09
71.5995 42.5848 819.804 4.71996 5693.11
71.6995 42.5323 821.788 4.7237 5691.12
71.7995 42.4799 823.774 4.72743 5689.14
71.8995 42.4275 825.761 4.73115 5687.15
71.9995 42.3751 827.748 4.73486 5685.16
72.0995 42.3228 829.737 4.73855 5683.18
72.1995 42.2705 831.728 4.74224 5681.18
72.2995 42.2182 833.719 4.74591 5679.19
72.3995 42.166 835.711 4.74957 5677.2
72.4995 42.1138 837.705 4.75321 5675.21
72.5995 42.0617 839.699 4.75685 5673.21
72.6995 42.0096 841.695 4.76047 5671.22
72.7995 41.9575 843.692 4.76408 5669.22
72.8995 41.9055 845.689 4.76767 5667.22
72.9995 41.8535 847.688 4.77126 5665.22
73.0995 41.8015 849.688 4.77483 5663.22
73.1995 41.7496 851.689 4.77839 5661.22
73.2995 41.6978 853.691 4.78193 5659.22
73.3995 41.6459 855.694 4.78547 5657.22
73.4995 41.5941 857.698 4.78899 5655.21
73.5994 41.5424 859.704 4.7925 5653.21
73.6994 41.4906 861.71 4.796 5651.2
73.7994 41.439 863.717 4.79948 5649.2
73.8994 41.3873 865.725 4.80295 5647.19
73.9994 41.3357 867.735 4.80641 5645.18
74.0994 41.2841 869.745 4.80986 5643.17
74.1994 41.2326 871.756 4.8133 5641.16
74.2994 41.1811 873.768 4.81672 5639.14
74.3994 41.1296 875.782 4.82013 5637.13
74.4994 41.0782 877.796 4.82352 5635.12
74.5994 41.0268 879.811 4.82691 5633.1
74.6994 40.9755 881.827 4.83028 5631.09
74.7994 40.9242 883.845 4.83364 5629.07
74.8994 40.8729 885.863 4.83698 5627.05
74.9994 40.8217 887.882 4.84032 5625.03
75.0994 40.7705 889.902 4.84364 5623.01
75.1994 40.7193 891.923 4.84695 5620.99
75.2994 40.6682 893.945 4.85024 5618.97
75.3994 40.6171 895.967 4.85352 5616.95
75.4994 40.5661 897.991 4.85679 5614.92
75.5994 40.5151 900.016 4.86005 5612.9
75.6994 40.4641 902.041 4.86329 5610.87
75.7994 40.4132 904.068 4.86653 5608.84
75.8994 40.3623 906.095 4.86974 5606.82
75.9994 40.3114 908.123 4.87295 5604.79
76.0994 40.2606 910.152 4.87614 5602.76
76.1994 40.2098 912.182 4.87932 5600.73
76.2994 40.1591 914.213 4.88249 5598.7
76.3994 40.1083 916.245 4.88564 5596.67
76.4994 40.0577 918.277 4.88878 5594.64
76.5994 40.007 920.311 4.89191 5592.6
76.6994 39.9564 922.345 4.89503 5590.57
76.7994 39.9059 924.38 4.89813 5588.53
76.8994 39.8553 926.416 4.90122 5586.5
76.9994 39.8048 928.453 4.90429 5584.46
77.0994 39.7544 930.491 4.90735 5582.42
77.1994 39.704 932.529 4.9104 5580.38
77.2994 39.6536 934.568 4.91344 5578.34
77.3994 39.6032 936.608 4.91646 5576.3
77.4994 39.5529 938.649 4.91947 5574.26
77.5994 39.5027 940.691 4.92247 5572.22
77.6994 39.4524 942.733 4.92546 5570.18
77.7994 39.4022 944.776 4.92843 5568.14
77.8994 39.3521 946.82 4.93138 5566.09
77.9994 39.3019 948.865 4.93433 5564.05
78.0994 39.2519 950.91 4.93726 5562
78.1994 39.2018 952.956 4.94018 5559.96
78.2994 39.1518 955.003 4.94308 5557.91
78.3994 39.1018 957.051 4.94597 5555.86
78.4994 39.0519 959.1 4.94885 5553.81
78.5994 39.0019 961.149 4.95172 5551.76
78.6994 38.9521 963.199 4.95457 5549.71
78.7994 38.9022 965.249 4.9574 5547.66
78.8994 38.8524 967.3 4.96023 5545.61
78.9994 38.8027 969.352 4.96304 5543.56
79.0994 38.7529 971.405 4.96584 5541.51
79.1994 38.7032 973.459 4.96862 5539.45
79.2994 38.6536 975.513 4.97139 5537.4
79.3994 38.604 977.567 4.97415 5535.35
79.4994 38.5544 979.623 4.9769 5533.29
79.5994 38.5048 981.679 4.97963 5531.23
79.6994 38.4553 983.736 4.98234 5529.18
79.7994 38.4058 985.793 4.98505 5527.12
79.8994 38.3564 987.851 4.98774 5525.06
79.9994 38.307 989.91 4.99041 5523
80.0993 38.2576 991.969 4.99308 5520.94
80.1993 38.2083 994.029 4.99573 5518.88
80.2993 38.159 996.09 4.99836 5516.82
80.3993 38.1097 998.151 5.00098 5514.76
80.4993 38.0605 1000.21 5.00359 5512.7
80.5993 38.0113 1002.28 5.00619 5510.64
80.6993 37.9621 1004.34 5.00877 5508.57
80.7993 37.913 1006.4 5.01134 5506.51
80.8993 37.8639 1008.47 5.01389 5504.45
80.9993 37.8148 1010.53 5.01643 5502.38
81.0993 37.7658 1012.6 5.01896 5500.32
81.1993 37.7168 1014.66 5.02147 5498.25
81.2993 37.6679 1016.73 5.02397 5496.18
81.3993 37.6189 1018.8 5.02645 5494.12
81.4993 37.5701 1020.86 5.02892 5492.05
81.5993 37.5212 1022.93 5.03138 5489.98
81.6993 37.4724 1025 5.03382 5487.91
81.7993 37.4236 1027.07 5.03625 5485.84
81.8993 37.3749 1029.14 5.03867 5483.77
81.9993 37.3262 1031.21 5.04107 5481.7
82.0993 37.2775 1033.28 5.04346 5479.63
82.1993 37.2289 1035.35 5.04583 5477.56
82.2993 37.1803 1037.42 5.0482 5475.49
82.3993 37.1317 1039.49 5.05054 5473.42
82.4993 37.0832 1041.57 5.05287 5471.35
82.5993 37.0347 1043.64 5.05519 5469.27
82.6993 36.9862 1045.71 5.0575 5467.2
82.7993 36.9378 1047.79 5.05979 5465.13
82.8993 36.8894 1049.86 5.06206 5463.05
82.9993 36.841 1051.94 5.06433 5460.98
83.0993 36.7927 1054.01 5.06657 5458.9
83.1993 36.7444 1056.09 5.06881 5456.82
83.2993 36.6961 1058.16 5.07103 5454.75
83.3993 36.6479 1060.24 5.07323 5452.67
83.4993 36.5997 1062.32 5.07543 5450.59
83.5993 36.5515 1064.4 5.0776 5448.52
83.6993 36.5034 1066.47 5.07977 5446.44
83.7993 36.4553 1068.55 5.08192 5444.36
83.8993 36.4073 1070.63 5.08405 5442.28
83.9993 36.3593 1072.71 5.08617 5440.2
84.0993 36.3113 1074.79 5.08828 5438.12
84.1993 36.2633 1076.87 5.09037 5436.04
84.2993 36.2154 1078.95 5.09245 5433.96
84.3993 36.1675 1081.03 5.09452 5431.88
84.4993 36.1197 1083.11 5.09656 5429.8
84.5993 36.0718 1085.19 5.0986 5427.72
84.6993 36.024 1087.27 5.10062 5425.64
84.7993 35.9763 1089.36 5.10263 5423.56
84.8993 35.9286 1091.44 5.10462 5421.47
84.9993 35.8809 1093.52 5.1066 5419.39
85.0993 35.8332 1095.6 5.10856 5417.31
85.1993 35.7856 1097.69 5.11051 5415.23
85.2993 35.738 1099.77 5.11245 5413.14
85.3993 35.6905 1101.85 5.11437 5411.06
85.4993 35.643 1103.94 5.11627 5408.97
85.5993 35.5955 1106.02 5.11817 5406.89
85.6993 35.548 1108.11 5.12004 5404.8
85.7993 35.5006 1110.19 5.12191 5402.72
85.8993 35.4532 1112.28 5.12375 5400.63
85.9993 35.4059 1114.36 5.12559 5398.55
86.0993 35.3585 1116.45 5.12741 5396.46
86.1993 35.3113 1118.54 5.12921 5394.38
86.2993 35.264 1120.62 5.131 5392.29
86.3993 35.2168 1122.71 5.13278 5390.2
86.4993 35.1696 1124.8 5.13454 5388.12
86.5993 35.1224 1126.88 5.13628 5386.03
86.6992 35.0753 1128.97 5.13802 5383.94
86.7992 35.0282 1131.06 5.13973 5381.86
86.8992 34.9812 1133.14 5.14144 5379.77
86.9992 34.9341 1135.23 5.14312 5377.68
87.0992 34.8871 1137.32 5.1448 5375.59
87.1992 34.8402 1139.41 5.14645 5373.5
87.2992 34.7933 1141.5 5.1481 5371.42
87.3992 34.7464 1143.59 5.14973 5369.33
87.4992 34.6995 1145.67 5.15134 5367.24
87.5992 34.6527 1147.76 5.15294 5365.15
87.6992 34.6059 1149.85 5.15452 5363.06
87.7992 34.5591 1151.94 5.15609 5360.97
87.8992 34.5124 1154.03 5.15765 5358.88
87.9992 34.4657 1156.12 5.15919 5356.79
88.0992 34.419 1158.21 5.16072 5354.7
88.1992 34.3724 1160.3 5.16223 5352.61
88.2992 34.3258 1162.39 5.16372 5350.52
88.3992 34.2792 1164.48 5.1652 5348.43
88.4992 34.2326 1166.57 5.16667 5346.34
88.5992 34.1861 1168.66 5.16812 5344.25
88.6992 34.1397 1170.75 5.16955 5342.16
88.7992 34.0932 1172.84 5.17098 5340.07
88.8992 34.0468 1174.93 5.17238 5337.98
88.9992 34.0004 1177.02 5.17377 5335.89
89.0992 33.9541 1179.11 5.17515 5333.8
89.1992 33.9078 1181.2 5.17651 5331.71
89.2992 33.8615 1183.29 5.17786 5329.62
89.3992 33.8152 1185.38 5.17919 5327.53
89.4992 33.769 1187.47 5.1805 5325.44
89.5992 33.7228 1189.56 5.18181 5323.35
89.6992 33.6766 1191.65 5.18309 5321.26
89.7992 33.6305 1193.75 5.18436 5319.17
89.8992 33.5844 1195.84 5.18562 5317.08
89.9992 33.5383 1197.93 5.18686 5314.99
90.0992 33.4923 1200.02 5.18808 5312.89
90.1992 33.4463 1202.11 5.18929 5310.8
90.2992 33.4003 1204.2 5.19049 5308.71
90.3992 33.3544 1206.29 5.19167 5306.62
90.4992 33.3085 1208.38 5.19283 5304.53
90.5992 33.2626 1210.47 5.19398 5302.44
90.6992 33.2168 1212.56 5.19512 5300.35
90.7992 33.1709 1214.65 5.19624 5298.26
90.8992 33.1251 1216.74 5.19734 5296.17
90.9992 33.0794 1218.83 5.19843 5294.08
91.0992 33.0337 1220.92 5.1995 5291.99
91.1992 32.988 1223.01 5.20056 5289.9
91.2992 32.9423 1225.1 5.20161 5287.81
91.3992 32.8967 1227.2 5.20263 5285.72
91.4992 32.8511 1229.29 5.20365 5283.63
91.5992 32.8055 1231.38 5.20464 5281.54
91.6992 32.76 1233.47 5.20562 5279.45
91.7992 32.7145 1235.55 5.20659 5277.36
91.8992 32.669 1237.64 5.20754 5275.27
91.9992 32.6235 1239.73 5.20848 5273.18
92.0992 32.5781 1241.82 5.2094 5271.09
92.1992 32.5327 1243.91 5.2103 5269
92.2992 32.4874 1246 5.21119 5266.91
92.3992 32.442 1248.09 5.21206 5264.82
92.4992 32.3967 1250.18 5.21292 5262.73
92.5992 32.3515 1252.27 5.21376 5260.64
92.6992 32.3062 1254.36 5.21459 5258.56
92.7992 32.261 1256.45 5.2154 5256.47
92.8992 32.2159 1258.53 5.2162 5254.38
92.9992 32.1707 1260.62 5.21698 5252.29
93.0992 32.1256 1262.71 5.21775 5250.2
93.1992 32.0805 1264.8 5.2185 5248.12
93.2991 32.0355 1266.88 5.21923 5246.03
93.3991 31.9904 1268.97 5.21995 5243.94
93.4991 31.9454 1271.06 5.22065 5241.85
93.5991 31.9005 1273.15 5.22134 5239.77
93.6991 31.8555 1275.23 5.22201 5237.68
93.7991 31.8106 1277.32 5.22266 5235.59
93.8991 31.7658 1279.4 5.22331 5233.51
93.9991 31.7209 1281.49 5.22393 5231.42
94.0991 31.6761 1283.58 5.22454 5229.34
94.1991 31.6313 1285.66 5.22513 5227.25
94.2991 31.5865 1287.75 5.22571 5225.17
94.3991 31.5418 1289.83 5.22627 5223.08
94.4991 31.4971 1291.92 5.22682 5221
94.5991 31.4524 1294 5.22735 5218.91
94.6991 31.4078 1296.08 5.22786 5216.83
94.7991 31.3632 1298.17 5.22836 5214.75
94.8991 31.3186 1300.25 5.22884 5212.66
94.9991 31.2741 1302.33 5.22931 5210.58
95.0991 31.2295 1304.42 5.22976 5208.5
95.1991 31.185 1306.5 5.2302 5206.41
95.2991 31.1406 1308.58 5.23062 5204.33
95.3991 31.0961 1310.66 5.23102 5202.25
95.4991 31.0517 1312.74 5.23141 5200.17
95.5991 31.0073 1314.82 5.23178 5198.09
95.6991 30.963 1316.9 5.23214 5196.01
95.7991 30.9187 1318.99 5.23248 5193.93
95.8991 30.8744 1321.07 5.2328 5191.85
95.9991 30.8301 1323.14 5.23311 5189.77
96.0991 30.7859 1325.22 5.2334 5187.69
96.1991 30.7417 1327.3 5.23368 5185.61
96.2991 30.6975 1329.38 5.23394 5183.53
96.3991 30.6534 1331.46 5.23419 5181.45
96.4991 30.6092 1333.54 5.23441 5179.38
96.5991 30.5651 1335.61 5.23463 5177.3
96.6991 30.5211 1337.69 5.23482 5175.22
96.7991 30.477 1339.77 5.235 5173.15
96.8991 30.433 1341.84 5.23517 5171.07
96.9991 30.3891 1343.92 5.23532 5168.99
97.0991 30.3451 1345.99 5.23545 5166.92
97.1991 30.3012 1348.07 5.23557 5164.85
97.2991 30.2573 1350.14 5.23567 5162.77
97.3991 30.2134 1352.21 5.23575 5160.7
97.4991 30.1696 1354.29 5.23582 5158.62
97.5991 30.1258 1356.36 5.23587 5156.55
97.6991 30.082 1358.43 5.23591 5154.48
97.7991 30.0383 1360.5 5.23593 5152.41
97.8991 29.9945 1362.58 5.23593 5150.34
97.9991 29.9508 1364.65 5.23592 5148.27
98.0991 29.9072 1366.72 5.23589 5146.2
98.1991 29.8635 1368.79 5.23584 5144.13
98.2991 29.8199 1370.86 5.23578 5142.06
98.3991 29.7763 1372.92 5.23571 5139.99
98.4991 29.7328 1374.99 5.23561 5137.92
98.5991 29.6892 1377.06 5.2355 5135.85
98.6991 29.6457 1379.13 5.23538 5133.79
98.7991 29.6023 1381.19 5.23523 5131.72
98.8991 29.5588 1383.26 5.23508 5129.65
98.9991 29.5154 1385.32 5.2349 5127.59
99.0991 29.472 1387.39 5.23471 5125.52
99.1991 29.4286 1389.45 5.2345 5123.46
99.2991 29.3853 1391.52 5.23428 5121.4
99.3991 29.342 1393.58 5.23404 5119.33
99.4991 29.2987 1395.64 5.23378 5117.27
99.5991 29.2554 1397.7 5.23351 5115.21
99.6991 29.2122 1399.77 5.23322 5113.15
99.799 29.169 1401.83 5.23291 5111.09
99.899 29.1258 1403.89 5.23259 5109.03
99.999 29.0827 1405.95 5.23225 5106.97
100.099 29.0396 1408 5.2319 5104.91
100.199 28.9965 1410.06 5.23153 5102.85
100.299 28.9534 1412.12 5.23114 5100.79
100.399 28.9104 1414.18 5.23074 5098.74
100.499 28.8674 1416.23 5.23032 5096.68
100.599 28.8244 1418.29 5.22988 5094.62
100.699 28.7814 1420.34 5.22943 5092.57
100.799 28.7385 1422.4 5.22896 5090.52
100.899 28.6956 1424.45 5.22847 5088.46
100.999 28.6527 1426.5 5.22797 5086.41
101.099 28.6099 1428.55 5.22745 5084.36
101.199 28.567 1430.61 5.22691 5082.31
101.299 28.5242 1432.66 5.22636 5080.26
101.399 28.4815 1434.71 5.22579 5078.21
101.499 28.4387 1436.76 5.22521 5076.16
101.599 28.396 1438.8 5.2246 5074.11
101.699 28.3533 1440.85 5.22399 5072.06
101.799 28.3106 1442.9 5.22335 5070.01
101.899 28.268 1444.94 5.2227 5067.97
101.999 28.2254 1446.99 5.22203 5065.92
102.099 28.1828 1449.04 5.22135 5063.88
102.199 28.1402 1451.08 5.22064 5061.83
102.299 28.0977 1453.12 5.21993 5059.79
102.399 28.0552 1455.16 5.21919 5057.75
102.499 28.0127 1457.21 5.21844 5055.71
102.599 27.9703 1459.25 5.21767 5053.67
102.699 27.9278 1461.29 5.21689 5051.63
102.799 27.8854 1463.33 5.21608 5049.59
102.899 27.843 1465.36 5.21527 5047.55
102.999 27.8007 1467.4 5.21443 5045.51
103.099 27.7584 1469.44 5.21358 5043.47
103.199 27.7161 1471.48 5.21271 5041.44
103.299 27.6738 1473.51 5.21183 5039.4
103.399 27.6315 1475.54 5.21092 5037.37
103.499 27.5893 1477.58 5.21001 5035.33
103.599 27.5471 1479.61 5.20907 5033.3
103.699 27.5049 1481.64 5.20812 5031.27
103.799 27.4628 1483.67 5.20715 5029.24
103.899 27.4207 1485.7 5.20616 5027.21
103.999 27.3786 1487.73 5.20516 5025.18
104.099 27.3365 1489.76 5.20414 5023.15
104.199 27.2944 1491.79 5.20311 5021.12
104.299 27.2524 1493.81 5.20205 5019.1
104.399 27.2104 1495.84 5.20099 5017.07
104.499 27.1684 1497.86 5.1999 5015.05
104.599 27.1265 1499.89 5.1988 5013.02
104.699 27.0846 1501.91 5.19768 5011
104.799 27.0427 1503.93 5.19654 5008.98
104.899 27.0008 1505.95 5.19538 5006.96
104.999 26.959 1507.97 5.19421 5004.94
105.099 26.9171 1509.99 5.19303 5002.92
105.199 26.8754 1512.01 5.19182 5000.9
105.299 26.8336 1514.03 5.1906 4998.88
105.399 26.7918 1516.04 5.18936 4996.87
105.499 26.7501 1518.06 5.18811 4994.85
105.599 26.7084 1520.07 5.18683 4992.84
105.699 26.6667 1522.09 5.18555 4990.83
105.799 26.6251 1524.1 5.18424 4988.81
105.899 26.5835 1526.11 5.18292 4986.8
105.999 26.5419 1528.12 5.18158 4984.79
106.099 26.5003 1530.13 5.18022 4982.78
106.199 26.4588 1532.14 5.17885 4980.77
106.299 26.4172 1534.15 5.17746 4978.77
106.399 26.3757 1536.15 5.17605 4976.76
106.499 26.3343 1538.16 5.17462 4974.76
106.599 26.2928 1540.16 5.17318 4972.75
106.699 26.2514 1542.16 5.17172 4970.75
106.799 26.21 1544.17 5.17025 4968.75
106.899 26.1686 1546.17 5.16875 4966.74
106.999 26.1272 1548.17 5.16724 4964.74
107.099 26.0859 1550.17 5.16572 4962.75
107.199 26.0446 1552.16 5.16417 4960.75
107.299 26.0033 1554.16 5.16261 4958.75
107.399 25.9621 1556.16 5.16103 4956.76
107.499 25.9208 1558.15 5.15944 4954.76
107.599 25.8796 1560.14 5.15783 4952.77
107.699 25.8384 1562.14 5.1562 4950.78
107.799 25.7973 1564.13 5.15455 4948.78
107.899 25.7561 1566.12 5.15289 4946.79
107.999 25.715 1568.11 5.15121 4944.8
108.099 25.6739 1570.1 5.14951 4942.82
108.199 25.6329 1572.08 5.14779 4940.83
108.299 25.5918 1574.07 5.14606 4938.84
108.399 25.5508 1576.05 5.14431 4936.86
108.499 25.5098 1578.04 5.14255 4934.88
108.599 25.4688 1580.02 5.14076 4932.89
108.699 25.4279 1582 5.13896 4930.91
108.799 25.3869 1583.98 5.13715 4928.93
108.899 25.346 1585.96 5.13531 4926.96
108.999 25.3052 1587.93 5.13346 4924.98
109.099 25.2643 1589.91 5.13159 4923
109.199 25.2235 1591.89 5.1297 4921.03
109.299 25.1827 1593.86 5.1278 4919.05
109.399 25.1419 1595.83 5.12588 4917.08
109.499 25.1011 1597.8 5.12394 4915.11
109.599 25.0604 1599.77 5.12199 4913.14
109.699 25.0197 1601.74 5.12001 4911.17
109.799 24.979 1603.71 5.11803 4909.2
109.899 24.9383 1605.68 5.11602 4907.23
109.999 24.8976 1607.64 5.11399 4905.27
110.099 24.857 1609.61 5.11195 4903.31
110.199 24.8164 1611.57 5.1099 4901.34
110.299 24.7758 1613.53 5.10782 4899.38
110.399 24.7353 1615.49 5.10573 4897.42
110.499 24.6947 1617.45 5.10362 4895.46
110.599 24.6542 1619.41 5.10149 4893.5
110.699 24.6137 1621.37 5.09935 4891.55
110.799 24.5733 1623.32 5.09718 4889.59
110.899 24.5328 1625.27 5.095 4887.64
110.999 24.4924 1627.23 5.09281 4885.69
111.099 24.452 1629.18 5.09059 4883.73
111.199 24.4116 1631.13 5.08836 4881.78
111.299 24.3713 1633.08 5.08611 4879.84
111.399 24.3309 1635.02 5.08385 4877.89
111.499 24.2906 1636.97 5.08157 4875.94
111.599 24.2504 1638.91 5.07927 4874
111.699 24.2101 1640.86 5.07695 4872.05
111.799 24.1698 1642.8 5.07461 4870.11
111.899 24.1296 1644.74 5.07226 4868.17
111.999 24.0894 1646.68 5.06989 4866.23
112.099 24.0493 1648.62 5.06751 4864.3
112.199 24.0091 1650.55 5.0651 4862.36
112.299 23.969 1652.49 5.06268 4860.42
112.399 23.9289 1654.42 5.06024 4858.49
112.499 23.8888 1656.36 5.05779 4856.56
112.599 23.8487 1658.29 5.05531 4854.63
112.699 23.8087 1660.22 5.05282 4852.7
112.799 23.7686 1662.14 5.05031 4850.77
112.899 23.7286 1664.07 5.04779 4848.84
112.999 23.6887 1666 5.04525 4846.92
113.099 23.6487 1667.92 5.04269 4844.99
113.199 23.6088 1669.84 5.04011 4843.07
113.299 23.5688 1671.76 5.03751 4841.15
113.399 23.529 1673.68 5.0349 4839.23
113.499 23.4891 1675.6 5.03227 4837.31
113.599 23.4492 1677.52 5.02962 4835.4
113.699 23.4094 1679.43 5.02696 4833.48
113.799 23.3696 1681.35 5.02428 4831.57
113.899 23.3298 1683.26 5.02158 4829.65
113.999 23.2901 1685.17 5.01886 4827.74
114.099 23.2503 1687.08 5.01613 4825.83
114.199 23.2106 1688.99 5.01338 4823.93
114.299 23.1709 1690.89 5.01061 4822.02
114.399 23.1312 1692.8 5.00782 4820.11
114.499 23.0916 1694.7 5.00502 4818.21
114.599 23.0519 1696.6 5.0022 4816.31
114.699 23.0123 1698.5 4.99936 4814.41
114.799 22.9727 1700.4 4.9965 4812.51
114.899 22.9331 1702.3 4.99363 4810.61
114.999 22.8936 1704.19 4.99074 4808.72
115.099 22.8541 1706.09 4.98783 4806.82
115.199 22.8145 1707.98 4.98491 4804.93
115.299 22.7751 1709.87 4.98196 4803.04
115.399 22.7356 1711.76 4.979 4801.15
115.499 22.6961 1713.65 4.97603 4799.26
115.599 22.6567 1715.54 4.97303 4797.38
115.699 22.6173 1717.42 4.97002 4795.49
115.799 22.5779 1719.3 4.96699 4793.61
115.899 22.5386 1721.19 4.96394 4791.73
115.999 22.4992 1723.07 4.96088 4789.85
116.099 22.4599 1724.94 4.9578 4787.97
116.199 22.4206 1726.82 4.9547 4786.09
116.299 22.3813 1728.7 4.95158 4784.22
116.399 22.342 1730.57 4.94844 4782.34
116.499 22.3028 1732.44 4.94529 4780.47
116.599 22.2636 1734.31 4.94212 4778.6
116.699 22.2244 1736.18 4.93894 4776.73
116.799 22.1852 1738.05 4.93573 4774.87
116.899 22.146 1739.91 4.93251 4773
116.999 22.1069 1741.78 4.92927 4771.14
117.099 22.0678 1743.64 4.92602 4769.27
117.199 22.0287 1745.5 4.92274 4767.41
117.299 21.9896 1747.36 4.91945 4765.55
117.399 21.9505 1749.21 4.91614 4763.7
117.499 21.9115 1751.07 4.91281 4761.84
117.599 21.8725 1752.92 4.90947 4759.99
117.699 21.8335 1754.78 4.90611 4758.14
117.799 21.7945 1756.63 4.90273 4756.29
117.899 21.7555 1758.47 4.89934 4754.44
117.999 21.7166 1760.32 4.89592 4752.59
118.099 21.6777 1762.17 4.89249 4750.75
118.199 21.6388 1764.01 4.88904 4748.9
118.299 21.5999 1765.85 4.88558 4747.06
118.399 21.561 1767.69 4.88209 4745.22
118.499 21.5222 1769.53 4.87859 4743.38
118.599 21.4833 1771.37 4.87507 4741.55
118.699 21.4445 1773.2 4.87154 4739.71
118.799 21.4058 1775.04 4.86799 4737.88
118.899 21.367 1776.87 4.86442 4736.05
118.999 21.3282 1778.7 4.86083 4734.22
119.099 21.2895 1780.52 4.85722 4732.39
119.199 21.2508 1782.35 4.8536 4730.56
119.299 21.2121 1784.17 4.84996 4728.74
119.399 21.1735 1786 4.8463 4726.92
119.499 21.1348 1787.82 4.84263 4725.1
119.599 21.0962 1789.64 4.83893 4723.28
119.699 21.0576 1791.45 4.83523 4721.46
119.799 21.019 1793.27 4.8315 4719.64
119.899 20.9804 1795.08 4.82775 4717.83
119.999 20.9418 1796.89 4.82399 4716.02
120.099 20.9033 1798.7 4.82021 4714.21
120.199 20.8648 1800.51 4.81641 4712.4
120.299 20.8263 1802.32 4.8126 4710.6
120.399 20.7878 1804.12 4.80877 4708.79
120.499 20.7494 1805.92 4.80492 4706.99
120.599 20.7109 1807.72 4.80105 4705.19
120.699 20.6725 1809.52 4.79717 4703.39
120.799 20.6341 1811.32 4.79327 4701.59
120.899 20.5957 1813.11 4.78935 4699.8
120.999 20.5574 1814.91 4.78541 4698
121.099 20.519 1816.7 4.78146 4696.21
121.199 20.4807 1818.49 4.77749 4694.42
121.299 20.4424 1820.28 4.7735 4692.64
121.399 20.4041 1822.06 4.76949 4690.85
121.499 20.3658 1823.85 4.76547 4689.07
121.599 20.3276 1825.63 4.76143 4687.29
121.699 20.2893 1827.41 4.75737 4685.51
121.799 20.2511 1829.18 4.7533 4683.73
121.899 20.2129 1830.96 4.7492 4681.95
121.999 20.1747 1832.73 4.74509 4680.18
122.099 20.1366 1834.51 4.74097 4678.41
122.199 20.0984 1836.28 4.73682 4676.64
122.299 20.0603 1838.05 4.73266 4674.87
122.399 20.0222 1839.81 4.72848 4673.1
122.499 19.9841 1841.58 4.72428 4671.34
122.599 19.946 1843.34 4.72007 4669.57
122.699 19.908 1845.1 4.71584 4667.81
122.799 19.8699 1846.86 4.71159 4666.06
122.899 19.8319 1848.61 4.70732 4664.3
122.999 19.7939 1850.37 4.70304 4662.54
123.099 19.7559 1852.12 4.69874 4660.79
123.199 19.718 1853.87 4.69442 4659.04
123.299 19.68 1855.62 4.69009 4657.29
123.399 19.6421 1857.37 4.68573 4655.55
123.499 19.6042 1859.11 4.68136 4653.8
123.599 19.5663 1860.85 4.67698 4652.06
123.699 19.5284 1862.59 4.67257 4650.32
123.799 19.4905 1864.33 4.66815 4648.58
123.899 19.4527 1866.07 4.66371 4646.84
123.999 19.4149 1867.8 4.65925 4645.11
124.099 19.3771 1869.54 4.65478 4643.38
124.199 19.3393 1871.27 4.65029 4641.65
124.299 19.3015 1872.99 4.64578 4639.92
124.399 19.2638 1874.72 4.64126 4638.19
124.499 19.226 1876.44 4.63671 4636.47
124.599 19.1883 1878.17 4.63215 4634.75
124.699 19.1506 1879.89 4.62757 4633.03
124.799 19.1129 1881.6 4.62298 4631.31
124.899 19.0753 1883.32 4.61837 4629.59
124.999 19.0376 1885.03 4.61374 4627.88
125.099 19 1886.75 4.60909 4626.17
125.199 18.9624 1888.45 4.60443 4624.46
125.299 18.9248 1890.16 4.59975 4622.75
125.399 18.8872 1891.87 4.59505 4621.05
125.499 18.8496 1893.57 4.59034 4619.34
125.599 18.8121 1895.27 4.5856 4617.64
125.699 18.7745 1896.97 4.58086 4615.94
125.799 18.737 1898.67 4.57609 4614.24
125.899 18.6995 1900.36 4.5713 4612.55
125.999 18.662 1902.05 4.5665 4610.86
126.099 18.6246 1903.75 4.56169 4609.17
126.199 18.5871 1905.43 4.55685 4607.48
126.299 18.5497 1907.12 4.552 4605.79
126.399 18.5123 1908.8 4.54713 4604.11
126.499 18.4749 1910.49 4.54224 4602.43
126.599 18.4375 1912.17 4.53734 4600.75
126.699 18.4002 1913.84 4.53242 4599.07
126.799 18.3628 1915.52 4.52748 4597.39
126.899 18.3255 1917.19 4.52253 4595.72
126.999 18.2882 1918.86 4.51755 4594.05
127.099 18.2509 1920.53 4.51256 4592.38
127.199 18.2136 1922.2 4.50756 4590.72
127.299 18.1763 1923.86 4.50253 4589.05
127.399 18.1391 1925.52 4.49749 4587.39
127.499 18.1018 1927.18 4.49244 4585.73
127.599 18.0646 1928.84 4.48736 4584.07
127.699 18.0274 1930.5 4.48227 4582.42
127.799 17.9902 1932.15 4.47716 4580.76
127.899 17.9531 1933.8 4.47204 4579.11
127.999 17.9159 1935.45 4.4669 4577.46
128.099 17.8788 1937.1 4.46174 4575.82
128.199 17.8417 1938.74 4.45656 4574.17
128.299 17.8046 1940.38 4.45137 4572.53
128.399 17.7675 1942.02 4.44615 4570.89
128.499 17.7304 1943.66 4.44093 4569.25
128.599 17.6933 1945.29 4.43568 4567.62
128.699 17.6563 1946.93 4.43042 4565.98
128.799 17.6193 1948.56 4.42514 4564.35
128.899 17.5823 1950.19 4.41985 4562.73
128.999 17.5453 1951.81 4.41453 4561.1
129.099 17.5083 1953.44 4.40921 4559.48
129.199 17.4713 1955.06 4.40386 4557.85
129.299 17.4344 1956.68 4.3985 4556.23
129.399 17.3974 1958.29 4.39312 4554.62
129.499 17.3605 1959.91 4.38772 4553
129.599 17.3236 1961.52 4.38231 4551.39
129.699 17.2867 1963.13 4.37688 4549.78
129.799 17.2499 1964.74 4.37143 4548.17
129.899 17.213 1966.34 4.36596 4546.57
129.999 17.1762 1967.95 4.36048 4544.97
130.099 17.1393 1969.55 4.35499 4543.36
130.199 17.1025 1971.15 4.34947 4541.77
130.299 17.0657 1972.74 4.34394 4540.17
130.399 17.029 1974.34 4.33839 4538.58
130.499 16.9922 1975.93 4.33283 4536.99
130.599 16.9554 1977.52 4.32725 4535.4
130.699 16.9187 1979.1 4.32165 4533.81
130.799 16.882 1980.69 4.31603 4532.23
130.899 16.8453 1982.27 4.3104 4530.64
130.999 16.8086 1983.85 4.30475 4529.07
131.099 16.7719 1985.42 4.29909 4527.49
131.199 16.7353 1987 4.29341 4525.91
131.299 16.6986 1988.57 4.28771 4524.34
131.399 16.662 1990.14 4.28199 4522.77
131.499 16.6254 1991.71 4.27626 4521.21
131.599 16.5888 1993.27 4.27051 4519.64
131.699 16.5522 1994.83 4.26475 4518.08
131.799 16.5156 1996.39 4.25897 4516.52
131.899 16.4791 1997.95 4.25317 4514.96
131.999 16.4425 1999.51 4.24735 4513.41
132.099 16.406 2001.06 4.24152 4511.85
132.199 16.3695 2002.61 4.23568 4510.3
132.299 16.333 2004.16 4.22981 4508.75
132.399 16.2965 2005.7 4.22393 4507.21
132.499 16.2601 2007.25 4.21803 4505.67
132.599 16.2236 2008.79 4.21212 4504.13
132.699 16.1872 2010.32 4.20619 4502.59
132.799 16.1507 2011.86 4.20024 4501.05
132.899 16.1143 2013.39 4.19428 4499.52
132.999 16.0779 2014.92 4.1883 4497.99
133.099 16.0416 2016.45 4.1823 4496.46
133.199 16.0052 2017.98 4.17629 4494.94
133.299 15.9688 2019.5 4.17026 4493.41
133.399 15.9325 2021.02 4.16422 4491.89
133.499 15.8962 2022.54 4.15816 4490.37
133.599 15.8599 2024.05 4.15208 4488.86
133.699 15.8236 2025.57 4.14598 4487.35
133.799 15.7873 2027.08 4.13987 4485.84
133.899 15.751 2028.59 4.13375 4484.33
133.999 15.7148 2030.09 4.1276 4482.82
134.099 15.6785 2031.59 4.12144 4481.32
134.199 15.6423 2033.09 4.11527 4479.82
134.299 15.6061 2034.59 4.10908 4478.32
134.399 15.5699 2036.09 4.10287 4476.83
134.499 15.5337 2037.58 4.09664 4475.33
134.599 15.4975 2039.07 4.0904 4473.84
134.699 15.4614 2040.56 4.08415 4472.36
134.799 15.4252 2042.04 4.07787 4470.87
134.899 15.3891 2043.52 4.07158 4469.39
134.999 15.353 2045 4.06528 4467.91
135.099 15.3169 2046.48 4.05896 4466.43
135.199 15.2808 2047.96 4.05262 4464.96
135.299 15.2447 2049.43 4.04627 4463.48
135.399 15.2087 2050.9 4.0399 4462.02
135.499 15.1726 2052.36 4.03351 4460.55
135.599 15.1366 2053.83 4.02711 4459.08
135.699 15.1006 2055.29 4.02069 4457.62
135.799 15.0646 2056.75 4.01426 4456.16
135.899 15.0286 2058.21 4.00781 4454.71
135.999 14.9926 2059.66 4.00134 4453.25
136.099 14.9566 2061.11 3.99486 4451.8
136.199 14.9207 2062.56 3.98836 4450.35
136.299 14.8847 2064.01 3.98185 4448.91
136.399 14.8488 2065.45 3.97532 4447.46
136.499 14.8129 2066.89 3.96877 4446.02
136.599 14.777 2068.33 3.96221 4444.59
136.699 14.7411 2069.76 3.95563 4443.15
136.799 14.7052 2071.2 3.94904 4441.72
136.899 14.6693 2072.63 3.94243 4440.29
136.999 14.6335 2074.05 3.93581 4438.86
137.099 14.5977 2075.48 3.92917 4437.44
137.199 14.5618 2076.9 3.92251 4436.01
137.299 14.526 2078.32 3.91584 4434.59
137.399 14.4902 2079.74 3.90915 4433.18
137.499 14.4544 2081.15 3.90245 4431.76
137.599 14.4187 2082.56 3.89573 4430.35
137.699 14.3829 2083.97 3.88899 4428.94
137.799 14.3472 2085.38 3.88224 4427.54
137.899 14.3114 2086.78 3.87548 4426.13
137.999 14.2757 2088.18 3.86869 4424.73
138.099 14.24 2089.58 3.8619 4423.34
138.199 14.2043 2090.97 3.85508 4421.94
138.299 14.1686 2092.36 3.84825 4420.55
138.399 14.1329 2093.75 3.84141 4419.16
138.499 14.0973 2095.14 3.83455 4417.77
138.599 14.0616 2096.52 3.82768 4416.39
138.699 14.026 2097.91 3.82079 4415.01
138.799 13.9904 2099.28 3.81388 4413.63
138.899 13.9548 2100.66 3.80696 4412.25
138.999 13.9192 2102.03 3.80002 4410.88
139.099 13.8836 2103.4 3.79307 4409.51
139.199 13.848 2104.77 3.7861 4408.14
139.299 13.8125 2106.14 3.77912 4406.78
139.399 13.7769 2107.5 3.77212 4405.41
139.499 13.7414 2108.86 3.7651 4404.05
139.599 13.7058 2110.21 3.75807 4402.7
139.699 13.6703 2111.57 3.75103 4401.34
139.799 13.6348 2112.92 3.74397 4399.99
139.899 13.5993 2114.27 3.7369 4398.64
139.999 13.5639 2115.61 3.7298 4397.3
140.099 13.5284 2116.96 3.7227 4395.96
140.199 13.4929 2118.3 3.71558 4394.62
140.299 13.4575 2119.63 3.70844 4393.28
140.399 13.4221 2120.97 3.70129 4391.95
140.499 13.3867 2122.3 3.69413 4390.61
140.599 13.3513 2123.63 3.68694 4389.29
140.699 13.3159 2124.95 3.67975 4387.96
140.799 13.2805 2126.28 3.67254 4386.64
140.899 13.2451 2127.6 3.66531 4385.32
140.999 13.2098 2128.91 3.65807 4384
141.099 13.1744 2130.23 3.65081 4382.68
141.199 13.1391 2131.54 3.64354 4381.37
141.299 13.1037 2132.85 3.63625 4380.06
141.399 13.0684 2134.15 3.62895 4378.76
141.499 13.0331 2135.46 3.62164 4377.46
141.599 12.9978 2136.76 3.61431 4376.15
141.699 12.9626 2138.05 3.60696 4374.86
141.799 12.9273 2139.35 3.5996 4373.56
141.899 12.892 2140.64 3.59222 4372.27
141.999 12.8568 2141.93 3.58483 4370.98
142.099 12.8216 2143.22 3.57743 4369.7
142.199 12.7864 2144.5 3.57001 4368.41
142.299 12.7511 2145.78 3.56257 4367.13
142.399 12.7159 2147.06 3.55512 4365.86
142.499 12.6808 2148.33 3.54766 4364.58
142.6 12.6456 2149.6 3.54018 4363.31
142.7 12.6104 2150.87 3.53269 4362.04
142.8 12.5753 2152.14 3.52518 4360.78
142.9 12.5401 2153.4 3.51766 4359.51
143 12.505 2154.66 3.51012 4358.25
143.1 12.4699 2155.92 3.50257 4357
143.2 12.4348 2157.17 3.495 4355.74
143.3 12.3997 2158.42 3.48742 4354.49
143.4 12.3646 2159.67 3.47983 4353.24
143.5 12.3295 2160.91 3.47222 4352
143.6 12.2944 2162.16 3.46459 4350.76
143.7 12.2594 2163.4 3.45695 4349.52
143.8 12.2243 2164.63 3.4493 4348.28
143.9 12.1893 2165.87 3.44163 4347.05
144 12.1543 2167.1 3.43395 4345.82
144.1 12.1192 2168.32 3.42626 4344.59
144.2 12.0842 2169.55 3.41855 4343.36
144.3 12.0492 2170.77 3.41082 4342.14
144.4 12.0143 2171.99 3.40308 4340.92
144.5 11.9793 2173.2 3.39533 4339.71
144.6 11.9443 2174.42 3.38757 4338.5
144.7 11.9094 2175.63 3.37978 4337.29
144.8 11.8744 2176.83 3.37199 4336.08
144.9 11.8395 2178.04 3.36418 4334.88
145 11.8046 2179.24 3.35636 4333.67
145.1 11.7697 2180.44 3.34852 4332.48
145.2 11.7348 2181.63 3.34067 4331.28
145.3 11.6999 2182.82 3.3328 4330.09
145.4 11.665 2184.01 3.32493 4328.9
145.5 11.6302 2185.2 3.31703 4327.72
145.6 11.5953 2186.38 3.30913 4326.53
145.7 11.5604 2187.56 3.3012 4325.35
145.8 11.5256 2188.74 3.29327 4324.18
145.9 11.4908 2189.91 3.28532 4323
146 11.456 2191.08 3.27736 4321.83
146.1 11.4212 2192.25 3.26938 4320.66
146.2 11.3864 2193.41 3.26139 4319.5
146.3 11.3516 2194.58 3.25339 4318.34
146.4 11.3168 2195.73 3.24537 4317.18
146.5 11.282 2196.89 3.23734 4316.02
146.6 11.2473 2198.04 3.2293 4314.87
146.7 11.2125 2199.19 3.22124 4313.72
146.8 11.1778 2200.34 3.21317 4312.57
146.9 11.1431 2201.48 3.20508 4311.43
147 11.1083 2202.62 3.19698 4310.29
147.1 11.0736 2203.76 3.18887 4309.15
147.2 11.0389 2204.89 3.18075 4308.02
147.3 11.0042 2206.02 3.17261 4306.89
147.4 10.9696 2207.15 3.16445 4305.76
147.5 10.9349 2208.28 3.15629 4304.64
147.6 10.9002 2209.4 3.14811 4303.51
147.7 10.8656 2210.52 3.13992 4302.39
147.8 10.8309 2211.63 3.13171 4301.28
147.9 10.7963 2212.75 3.12349 4300.17
148 10.7617 2213.86 3.11526 4299.06
148.1 10.7271 2214.96 3.10701 4297.95
148.2 10.6925 2216.07 3.09875 4296.85
148.3 10.6579 2217.17 3.09048 4295.75
148.4 10.6233 2218.26 3.0822 4294.65
148.5 10.5887 2219.36 3.0739 4293.55
148.6 10.5541 2220.45 3.06559 4292.46
148.7 10.5196 2221.54 3.05726 4291.38
148.8 10.485 2222.62 3.04893 4290.29
148.9 10.4505 2223.7 3.04058 4289.21
149 10.416 2224.78 3.03221 4288.13
149.1 10.3814 2225.86 3.02384 4287.06
149.2 10.3469 2226.93 3.01545 4285.98
149.3 10.3124 2228 3.00705 4284.91
149.4 10.2779 2229.06 2.99863 4283.85
149.5 10.2434 2230.13 2.9902 4282.79
149.6 10.209 2231.19 2.98176 4281.73
149.7 10.1745 2232.24 2.97331 4280.67
149.8 10.14 2233.3 2.96485 4279.62
149.9 10.1056 2234.35 2.95637 4278.57
150 10.0711 2235.39 2.94788 4277.52
150.1 10.0367 2236.44 2.93937 4276.48
150.2 10.0023 2237.48 2.93086 4275.43
150.3 9.96787 2238.52 2.92233 4274.4
150.4 9.93346 2239.55 2.91379 4273.36
150.5 9.89906 2240.58 2.90523 4272.33
150.6 9.86467 2241.61 2.89667 4271.3
150.7 9.83029 2242.63 2.88809 4270.28
150.8 9.79592 2243.66 2.8795 4269.26
150.9 9.76155 2244.67 2.87089 4268.24
151 9.7272 2245.69 2.86228 4267.22
151.1 9.69285 2246.7 2.85365 4266.21
151.2 9.65851 2247.71 2.84501 4265.2
151.3 9.62418 2248.72 2.83636 4264.2
151.4 9.58986 2249.72 2.82769 4263.19
151.5 9.55555 2250.72 2.81902 4262.19
151.6 9.52124 2251.71 2.81033 4261.2
151.7 9.48694 2252.71 2.80163 4260.21
151.8 9.45266 2253.7 2.79291 4259.22
151.9 9.41837 2254.68 2.78419 4258.23
152 9.3841 2255.67 2.77545 4257.25
152.1 9.34984 2256.65 2.7667 4256.27
152.2 9.31558 2257.62 2.75794 4255.29
152.3 9.28133 2258.6 2.74917 4254.32
152.4 9.24709 2259.57 2.74039 4253.35
152.5 9.21286 2260.53 2.73159 4252.38
152.6 9.17864 2261.5 2.72278 4251.41
152.7 9.14442 2262.46 2.71396 4250.45
152.8 9.11021 2263.42 2.70513 4249.5
152.9 9.07601 2264.37 2.69629 4248.54
153 9.04182 2265.32 2.68743 4247.59
153.1 9.00764 2266.27 2.67856 4246.64
153.2 8.97346 2267.21 2.66969 4245.7
153.3 8.93929 2268.15 2.6608 4244.76
153.4 8.90513 2269.09 2.65189 4243.82
153.5 8.87097 2270.03 2.64298 4242.89
153.6 8.83683 2270.96 2.63406 4241.95
153.7 8.80269 2271.89 2.62512 4241.03
153.8 8.76856 2272.81 2.61617 4240.1
153.9 8.73444 2273.73 2.60721 4239.18
154 8.70032 2274.65 2.59825 4238.26
154.1 8.66621 2275.57 2.58926 4237.35
154.2 8.63211 2276.48 2.58027 4236.44
154.3 8.59802 2277.39 2.57127 4235.53
154.4 8.56393 2278.29 2.56225 4234.62
154.5 8.52986 2279.19 2.55323 4233.72
154.6 8.49579 2280.09 2.54419 4232.82
154.7 8.46172 2280.99 2.53514 4231.93
154.8 8.42767 2281.88 2.52608 4231.03
154.9 8.39362 2282.77 2.51701 4230.15
155 8.35958 2283.65 2.50793 4229.26
155.1 8.32554 2284.53 2.49884 4228.38
155.2 8.29151 2285.41 2.48974 4227.5
155.3 8.25749 2286.29 2.48062 4226.62
155.4 8.22348 2287.16 2.4715 4225.75
155.5 8.18948 2288.03 2.46236 4224.88
155.6 8.15548 2288.89 2.45322 4224.02
155.7 8.12149 2289.76 2.44406 4223.16
155.8 8.0875 2290.62 2.43489 4222.3
155.9 8.05352 2291.47 2.42571 4221.44
156 8.01955 2292.32 2.41652 4220.59
156.1 7.98559 2293.17 2.40732 4219.74
156.2 7.95163 2294.02 2.39811 4218.9
156.3 7.91768 2294.86 2.38889 4218.05
156.4 7.88374 2295.7 2.37966 4217.21
156.5 7.8498 2296.53 2.37042 4216.38
156.6 7.81587 2297.37 2.36117 4215.55
156.7 7.78195 2298.19 2.35191 4214.72
156.8 7.74803 2299.02 2.34263 4213.89
156.9 7.71413 2299.84 2.33335 4213.07
157 7.68022 2300.66 2.32406 4212.25
157.1 7.64633 2301.48 2.31476 4211.44
157.2 7.61244 2302.29 2.30544 4210.62
157.3 7.57855 2303.1 2.29612 4209.82
157.4 7.54468 2303.9 2.28679 4209.01
157.5 7.51081 2304.7 2.27744 4208.21
157.6 7.47694 2305.5 2.26809 4207.41
157.7 7.44309 2306.3 2.25872 4206.62
157.8 7.40924 2307.09 2.24935 4205.82
157.9 7.37539 2307.88 2.23997 4205.04
158 7.34156 2308.66 2.23057 4204.25
158.1 7.30772 2309.44 2.22117 4203.47
158.2 7.2739 2310.22 2.21176 4202.69
158.3 7.24008 2311 2.20234 4201.92
158.4 7.20627 2311.77 2.1929 4201.14
158.5 7.17246 2312.54 2.18346 4200.38
158.6 7.13866 2313.3 2.17401 4199.61
158.7 7.10487 2314.06 2.16455 4198.85
158.8 7.07108 2314.82 2.15508 4198.09
158.9 7.0373 2315.57 2.1456 4197.34
159.001 7.00352 2316.32 2.13611 4196.59
159.101 6.96975 2317.07 2.12661 4195.84
159.201 6.93599 2317.82 2.1171 4195.1
159.301 6.90223 2318.56 2.10758 4194.36
159.401 6.86848 2319.29 2.09805 4193.62
159.501 6.83473 2320.03 2.08852 4192.88
159.601 6.80099 2320.76 2.07897 4192.15
159.701 6.76726 2321.49 2.06942 4191.43
159.801 6.73353 2322.21 2.05985 4190.7
159.901 6.69981 2322.93 2.05028 4189.98
160.001 6.66609 2323.65 2.0407 4189.27
160.101 6.63238 2324.36 2.0311 4188.55
160.201 6.59867 2325.07 2.0215 4187.84
160.301 6.56497 2325.78 2.01189 4187.14
160.401 6.53128 2326.48 2.00228 4186.43
160.501 6.49759 2327.18 1.99265 4185.73
160.601 6.46391 2327.88 1.98301 4185.04
160.701 6.43023 2328.57 1.97337 4184.34
160.801 6.39656 2329.26 1.96371 4183.65
160.901 6.36289 2329.94 1.95405 4182.97
161.001 6.32923 2330.63 1.94438 4182.29
161.101 6.29558 2331.31 1.9347 4181.61
161.201 6.26193 2331.98 1.92501 4180.93
161.301 6.22828 2332.65 1.91532 4180.26
161.401 6.19464 2333.32 1.90561 4179.59
161.501 6.16101 2333.99 1.8959 4178.93
161.601 6.12738 2334.65 1.88617 4178.26
161.701 6.09376 2335.31 1.87644 4177.61
161.801 6.06014 2335.96 1.8667 4176.95
161.901 6.02653 2336.61 1.85696 4176.3
162.001 5.99292 2337.26 1.8472 4175.65
162.101 5.95932 2337.91 1.83744 4175.01
162.201 5.92572 2338.55 1.82767 4174.37
162.301 5.89213 2339.18 1.81789 4173.73
162.401 5.85854 2339.82 1.8081 4173.1
162.501 5.82496 2340.45 1.7983 4172.46
162.601 5.79138 2341.07 1.7885 4171.84
162.701 5.75781 2341.7 1.77868 4171.21
162.801 5.72424 2342.32 1.76886 4170.59
162.901 5.69068 2342.94 1.75904 4169.98
163.001 5.65712 2343.55 1.7492 4169.36
163.101 5.62357 2344.16 1.73936 4168.75
163.201 5.59002 2344.76 1.7295 4168.15
163.301 5.55648 2345.37 1.71964 4167.55
163.401 5.52294 2345.97 1.70978 4166.95
163.501 5.48941 2346.56 1.6999 4166.35
163.601 5.45588 2347.15 1.69002 4165.76
163.701 5.42236 2347.74 1.68013 4165.17
163.801 5.38884 2348.33 1.67023 4164.59
163.901 5.35532 2348.91 1.66033 4164
164.001 5.32181 2349.49 1.65042 4163.43
164.101 5.28831 2350.06 1.6405 4162.85
164.201 5.25481 2350.63 1.63057 4162.28
164.301 5.22131 2351.2 1.62064 4161.71
164.401 5.18782 2351.76 1.61069 4161.15
164.501 5.15433 2352.32 1.60074 4160.59
164.601 5.12085 2352.88 1.59079 4160.03
164.701 5.08737 2353.43 1.58083 4159.48
164.801 5.05389 2353.98 1.57086 4158.93
164.901 5.02042 2354.53 1.56088 4158.38
165.001 4.98696 2355.07 1.55089 4157.84
165.101 4.9535 2355.61 1.5409 4157.3
165.201 4.92004 2356.15 1.5309 4156.76
165.301 4.88659 2356.68 1.5209 4156.23
165.401 4.85314 2357.21 1.51089 4155.7
165.501 4.81969 2357.74 1.50087 4155.18
165.601 4.78625 2358.26 1.49084 4154.66
165.701 4.75282 2358.78 1.48081 4154.14
165.801 4.71938 2359.29 1.47077 4153.62
165.901 4.68596 2359.8 1.46073 4153.11
166.001 4.65253 2360.31 1.45068 4152.6
166.101 4.61911 2360.81 1.44062 4152.1
166.201 4.58569 2361.31 1.43055 4151.6
166.301 4.55228 2361.81 1.42048 4151.1
166.401 4.51887 2362.3 1.4104 4150.61
166.501 4.48547 2362.79 1.40032 4150.12
166.601 4.45207 2363.28 1.39023 4149.63
166.701 4.41867 2363.76 1.38013 4149.15
166.801 4.38528 2364.24 1.37003 4148.67
166.901 4.35189 2364.72 1.35992 4148.2
167.001 4.3185 2365.19 1.3498 4147.72
167.101 4.28512 2365.66 1.33968 4147.25
167.201 4.25174 2366.12 1.32956 4146.79
167.301 4.21837 2366.58 1.31942 4146.33
167.401 4.185 2367.04 1.30928 4145.87
167.501 4.15163 2367.5 1.29914 4145.42
167.601 4.11827 2367.95 1.28899 4144.97
167.701 4.08491 2368.39 1.27883 4144.52
167.801 4.05155 2368.84 1.26867 4144.07
167.901 4.0182 2369.28 1.2585 4143.63
168.001 3.98485 2369.71 1.24833 4143.2
168.101 3.9515 2370.15 1.23815 4142.77
168.201 3.91816 2370.58 1.22796 4142.34
168.301 3.88482 2371 1.21777 4141.91
168.401 3.85148 2371.42 1.20757 4141.49
168.501 3.81815 2371.84 1.19737 4141.07
168.601 3.78482 2372.26 1.18716 4140.65
168.701 3.75149 2372.67 1.17695 4140.24
168.801 3.71817 2373.08 1.16673 4139.83
168.901 3.68485 2373.48 1.15651 4139.43
169.001 3.65153 2373.88 1.14628 4139.03
169.101 3.61822 2374.28 1.13605 4138.63
169.201 3.5849 2374.67 1.12581 4138.24
169.301 3.5516 2375.06 1.11557 4137.85
169.401 3.51829 2375.45 1.10532 4137.46
169.501 3.48499 2375.83 1.09506 4137.08
169.601 3.45169 2376.21 1.0848 4136.7
169.701 3.4184 2376.59 1.07454 4136.33
169.801 3.3851 2376.96 1.06427 4135.95
169.901 3.35181 2377.33 1.054 4135.58
170.001 3.31853 2377.69 1.04372 4135.22
170.101 3.28524 2378.05 1.03344 4134.86
170.201 3.25196 2378.41 1.02315 4134.5
170.301 3.21868 2378.77 1.01286 4134.15
170.401 3.18541 2379.12 1.00256 4133.8
170.501 3.15213 2379.46 0.99226 4133.45
170.601 3.11886 2379.81 0.981954 4133.11
170.701 3.08559 2380.15 0.971644 4132.77
170.801 3.05233 2380.48 0.961329 4132.43
170.901 3.01907 2380.81 0.95101 4132.1
171.001 2.98581 2381.14 0.940687 4131.77
171.101 2.95255 2381.47 0.930359 4131.44
171.201 2.91929 2381.79 0.920027 4131.12
171.301 2.88604 2382.11 0.909691 4130.8
171.401 2.85279 2382.42 0.899351 4130.49
171.501 2.81954 2382.73 0.889007 4130.18
171.601 2.7863 2383.04 0.878658 4129.87
171.701 2.75306 2383.34 0.868306 4129.57
171.801 2.71982 2383.64 0.85795 4129.27
171.901 2.68658 2383.94 0.84759 4128.97
172.001 2.65334 2384.23 0.837226 4128.68
172.101 2.62011 2384.52 0.826858 4128.39
172.201 2.58688 2384.81 0.816487 4128.1
172.301 2.55365 2385.09 0.806111 4127.82
172.401 2.52042 2385.37 0.795732 4127.54
172.501 2.4872 2385.64 0.78535 4127.27
172.601 2.45397 2385.91 0.774964 4127
172.701 2.42075 2386.18 0.764574 4126.73
172.801 2.38754 2386.45 0.754181 4126.47
172.901 2.35432 2386.71 0.743785 4126.21
173.001 2.3211 2386.96 0.733385 4125.95
173.101 2.28789 2387.22 0.722982 4125.7
173.201 2.25468 2387.46 0.712575 4125.45
173.301 2.22147 2387.71 0.702165 4125.2
173.401 2.18827 2387.95 0.691752 4124.96
173.501 2.15506 2388.19 0.681336 4124.72
173.601 2.12186 2388.43 0.670917 4124.49
173.701 2.08866 2388.66 0.660495 4124.26
173.801 2.05546 2388.88 0.650069 4124.03
173.901 2.02226 2389.11 0.639641 4123.8
174.001 1.98907 2389.33 0.62921 4123.58
174.101 1.95587 2389.55 0.618776 4123.37
174.201 1.92268 2389.76 0.608339 4123.15
174.301 1.88949 2389.97 0.5979 4122.94
174.401 1.8563 2390.17 0.587457 4122.74
174.501 1.82311 2390.38 0.577012 4122.54
174.601 1.78993 2390.57 0.566565 4122.34
174.701 1.75674 2390.77 0.556115 4122.14
174.801 1.72356 2390.96 0.545662 4121.95
174.901 1.69038 2391.15 0.535207 4121.76
175.001 1.6572 2391.33 0.524749 4121.58
175.101 1.62402 2391.51 0.514289 4121.4
175.201 1.59084 2391.69 0.503827 4121.22
175.301 1.55766 2391.86 0.493362 4121.05
175.402 1.52449 2392.03 0.482895 4120.88
175.502 1.49132 2392.2 0.472426 4120.71
175.602 1.45814 2392.36 0.461955 4120.55
175.702 1.42497 2392.52 0.451481 4120.39
175.802 1.3918 2392.67 0.441006 4120.24
175.902 1.35864 2392.82 0.430529 4120.09
176.002 1.32547 2392.97 0.420049 4119.94
176.102 1.2923 2393.12 0.409568 4119.8
176.202 1.25914 2393.26 0.399085 4119.66
176.302 1.22597 2393.39 0.3886 4119.52
176.402 1.19281 2393.53 0.378113 4119.39
176.502 1.15965 2393.66 0.367624 4119.26
176.602 1.12649 2393.78 0.357134 4119.13
176.702 1.09333 2393.9 0.346642 4119.01
176.802 1.06017 2394.02 0.336149 4118.89
176.902 1.02701 2394.14 0.325654 4118.78
177.002 0.993855 2394.25 0.315158 4118.66
177.102 0.960699 2394.36 0.30466 4118.56
177.202 0.927543 2394.46 0.294161 4118.45
177.302 0.894388 2394.56 0.28366 4118.35
177.402 0.861235 2394.66 0.273158 4118.26
177.502 0.828081 2394.75 0.262655 4118.16
177.602 0.794929 2394.84 0.252151 4118.07
177.702 0.761777 2394.92 0.241645 4117.99
177.802 0.728626 2395.01 0.231139 4117.91
177.902 0.695475 2395.08 0.220631 4117.83
178.002 0.662326 2395.16 0.210122 4117.75
178.102 0.629176 2395.23 0.199613 4117.68
178.202 0.596027 2395.3 0.189102 4117.61
178.302 0.562879 2395.36 0.178591 4117.55
178.402 0.529731 2395.42 0.168079 4117.49
178.502 0.496584 2395.48 0.157566 4117.43
178.602 0.463437 2395.53 0.147052 4117.38
178.702 0.43029 2395.58 0.136538 4117.33
178.802 0.397144 2395.63 0.126023 4117.29
178.902 0.363998 2395.67 0.115507 4117.24
179.002 0.330853 2395.71 0.104991 4117.21
179.102 0.297708 2395.74 0.0944747 4117.17
179.202 0.264563 2395.77 0.0839578 4117.14
179.302 0.231418 2395.8 0.0734404 4117.11
179.402 0.198273 2395.82 0.0629227 4117.09
179.502 0.165129 2395.84 0.0524047 4117.07
179.602 0.131985 2395.86 0.0418865 4117.05
179.702 0.0988404 2395.87 0.0313681 4117.04
179.802 0.0656964 2395.88 0.0208496 4117.03
179.902 0.0325524 2395.89 0.0103309 4117.03
